0.000000	0	110656	8	0
0.003265	0	110816	8	0
0.003265	0	110824	8	0
0.003265	0	110832	8	0
0.003265	0	110840	8	0
0.003265	0	110848	8	0
0.003265	0	110856	8	0
0.044983	0	112696	8	0
0.044983	0	112704	8	0
0.044983	0	112712	8	0
0.044983	0	112720	8	0
0.044983	0	112728	8	0
0.044983	0	112736	8	0
0.044983	0	112744	8	0
0.044983	0	112752	8	0
0.044983	0	112760	8	0
0.044983	0	112768	8	0
0.044983	0	112776	8	0
0.150360	0	135200	8	0
0.150360	0	135208	8	0
0.150360	0	135216	8	0
0.255691	0	139784	8	0
0.265366	0	135224	8	0
0.368866	0	148976	8	0
0.472732	0	180280	8	0
0.575363	0	184376	8	0
0.678650	0	195472	8	0
0.678650	0	195480	8	0
0.678650	0	195488	8	0
0.678650	0	195496	8	0
0.678650	0	195504	8	0
1.278335	0	204272	8	0
1.278335	0	204280	8	0
1.278335	0	204288	8	0
1.278335	0	204296	8	0
1.278335	0	204304	8	0
1.278335	0	204312	8	0
1.278335	0	204320	8	0
1.281128	0	221240	8	0
1.294784	0	8272	8	1
1.406418	0	278528	8	0
1.406418	0	278536	8	0
1.406418	0	278544	8	0
1.406418	0	278552	8	0
1.406418	0	278560	8	0
1.406418	0	278568	8	0
1.406418	0	278576	8	0
1.512665	0	279616	8	0
1.512665	0	279624	8	0
1.512665	0	279632	8	0
1.512665	0	279640	8	0
1.512665	0	279648	8	0
1.512665	0	279656	8	0
1.512665	0	279664	8	0
1.512665	0	279672	8	0
1.521393	0	278584	8	0
1.630218	0	319536	8	0
1.630218	0	319544	8	0
1.733536	0	335920	8	0
1.733536	0	335928	8	0
1.838608	0	344120	8	0
1.943725	0	364600	8	0
3.126388	0	374928	8	0
3.126388	0	374936	8	0
3.129181	0	356408	8	0
3.144638	0	380984	8	0
3.248611	0	385080	8	0
3.353317	0	426040	8	0
3.361526	0	421944	8	0
3.465820	0	569400	8	0
3.571350	0	589880	8	0
3.676742	0	610360	8	0
3.780945	0	622648	8	0
4.738418	0	716856	8	0
4.742508	0	688184	8	0
4.756149	0	700472	8	0
4.868576	0	704552	8	0
4.868576	0	704560	8	0
4.868576	0	704568	8	0
4.976608	0	712760	8	0
4.983765	0	577592	8	0
5.087784	0	8288	8	1
5.190246	0	798784	8	0
5.190246	0	798792	8	0
5.293487	0	733224	8	0
5.293487	0	733232	8	0
5.399216	0	733240	8	0
5.501923	0	831544	8	0
5.603546	0	852032	8	0
5.603546	0	852040	8	0
5.790390	0	862272	8	0
5.790390	0	862280	8	0
5.790390	0	862288	8	0
5.790390	0	862296	8	0
5.790390	0	862304	8	0
5.790390	0	862312	8	0
5.790390	0	862320	8	0
5.790390	0	862328	8	0
6.065750	0	696376	8	0
6.240326	0	778296	8	0
6.533173	0	782392	8	0
6.729797	0	876608	8	0
6.729797	0	876616	8	0
7.004806	0	42208352	8	0
7.533218	0	42268232	8	0
7.535553	0	42268232	8	0
7.545654	0	879696	8	0
7.554352	0	8264	8	0
7.554352	0	8272	8	0
7.554352	0	8280	8	0
7.563339	0	8296	8	0
7.571381	0	8312	8	0
7.582809	0	8392	8	0
7.591949	0	8400	8	0
7.591949	0	8408	8	0
7.591949	0	8416	8	0
7.591949	0	8424	8	0
7.591949	0	8432	8	0
7.591949	0	8440	8	0
7.591949	0	8448	8	0
135.063995	0	78016	8	0
135.068237	0	108656	8	0
135.068237	0	108664	8	0
135.068237	0	108672	8	0
135.068237	0	108680	8	0
135.068237	0	108688	8	0
135.068237	0	108696	8	0
135.068237	0	108704	8	0
135.068237	0	108712	8	0
135.068237	0	108720	8	0
135.068237	0	108728	8	0
135.111938	0	42268456	8	0
135.220795	0	42268456	8	0
135.325012	0	72	8	0
135.335236	0	8288	8	0
135.440277	0	880696	8	0
135.543548	0	883240	8	0
135.647827	0	917048	8	0
135.752350	0	930360	8	0
135.760193	0	946752	8	0
135.866241	0	963144	8	0
135.967377	0	987728	8	0
136.070282	0	1020448	8	0
136.070282	0	1020456	8	0
136.070282	0	1020464	8	0
136.070282	0	1020472	8	0
136.070282	0	1020480	8	0
136.070282	0	1020488	8	0
136.070282	0	1020496	8	0
136.070282	0	1020504	8	0
136.070282	0	1020512	8	0
136.070282	0	1020520	8	0
136.172546	0	1102464	8	0
136.172546	0	1102472	8	0
136.278107	0	1118864	8	0
136.388519	0	1209016	8	0
136.493561	0	602168	8	0
136.600220	0	1263680	8	0
136.600220	0	1263688	8	0
136.600220	0	1263696	8	0
136.600220	0	1263704	8	0
136.600220	0	1263712	8	0
136.600220	0	1263720	8	0
136.600220	0	1263728	8	0
136.703735	0	1296440	8	0
136.703735	0	1296448	8	0
136.703735	0	1296456	8	0
136.703735	0	1296464	8	0
136.703735	0	1296472	8	0
136.703735	0	1296480	8	0
136.703735	0	1296488	8	0
136.703735	0	1296496	8	0
136.703735	0	1296504	8	0
136.834900	0	8304	8	1
137.110199	0	1310776	8	0
137.305054	0	1377008	8	0
137.305054	0	1377016	8	0
137.305054	0	1377024	8	0
137.572754	0	1392696	8	0
137.771759	0	827384	8	0
137.771759	0	827392	8	0
137.771759	0	827400	8	0
137.771759	0	827408	8	0
137.771759	0	827416	8	0
137.771759	0	827424	8	0
137.771759	0	827432	8	0
137.771759	0	827440	8	0
138.045654	0	131128	8	0
138.239319	0	806968	8	0
138.511413	0	827448	8	0
138.706848	0	1425464	8	0
138.977203	0	1429496	8	0
138.977203	0	1429504	8	0
138.977203	0	1429512	8	0
138.977203	0	1429520	8	0
138.977203	0	1429528	8	0
138.977203	0	1429536	8	0
138.977203	0	1429544	8	0
138.977203	0	1429552	8	0
138.977203	0	1429560	8	0
139.172424	0	1445872	8	0
139.172424	0	1445880	8	0
139.172424	0	1445888	8	0
139.172424	0	1445896	8	0
139.172424	0	1445904	8	0
139.172424	0	1445912	8	0
139.172424	0	1445920	8	0
139.172424	0	1445928	8	0
139.172424	0	1445936	8	0
139.172424	0	1445944	8	0
139.444397	0	1523752	8	0
139.444397	0	1523760	8	0
139.646149	0	1507384	8	0
139.916870	0	1417272	8	0
140.112152	0	1527848	8	0
140.112152	0	1527856	8	0
140.112152	0	1527864	8	0
140.304687	0	1531960	8	0
140.577454	0	1552440	8	0
140.771606	0	1523768	8	0
141.043610	0	1544064	8	0
141.240753	0	1627744	8	0
141.512878	0	1488864	8	0
141.710937	0	1507144	8	0
141.982605	0	1458288	8	0
142.532074	0	1373896	8	0
249.451843	0	1378936	8	0
564.817474	0	1384272	8	0
564.820343	0	1389008	8	0
564.860809	0	1360776	8	0
564.964508	0	1366024	8	0
565.074615	0	1370544	8	0
565.083465	0	1327136	8	0
565.188995	0	1250832	8	0
565.293304	0	1262464	8	0
565.401092	0	1292432	8	0
565.505035	0	1309464	8	0
565.609955	0	864240	8	0
565.707184	0	1234888	8	0
565.719330	0	1237016	8	0
565.825409	0	1217744	8	0
565.930145	0	1219784	8	0
566.034637	0	1225920	8	0
566.138458	0	1109552	8	0
566.245087	0	1115160	8	0
566.349335	0	1130952	8	0
566.512848	0	1136360	8	0
566.707123	0	1160136	8	0
567.887421	0	1162752	8	0
567.891815	0	1169648	8	0
567.900360	0	1179840	8	0
568.001312	0	1199192	8	0
568.103485	0	1200872	8	0
570.036713	0	1208744	8	0
570.140716	0	1047216	8	0
570.244232	0	1048936	8	0
570.344696	0	1049872	8	0
570.446625	0	1070064	8	0
570.547272	0	1076080	8	0
570.648468	0	1076640	8	0
570.749481	0	1080768	8	0
570.851654	0	1090936	8	0
572.677032	0	1012072	8	0
572.778839	0	1015960	8	0
572.880279	0	1023696	8	0
572.954803	0	1029904	8	0
573.057465	0	1034064	8	0
573.161590	0	1036488	8	0
573.266571	0	1036920	8	0
573.371979	0	1041616	8	0
573.475372	0	1042264	8	0
573.580292	0	973040	8	0
573.683502	0	973456	8	0
573.789154	0	977056	8	0
573.894745	0	977472	8	0
574.139435	0	985472	8	0
574.332977	0	990976	8	0
576.049957	0	991056	8	0
576.152740	0	1006832	8	0
576.250885	0	928960	8	0
576.272186	0	929904	8	0
576.371979	0	932984	8	0
576.475861	0	933760	8	0
576.579254	0	934016	8	0
576.682648	0	938032	8	0
576.785431	0	940640	8	0
576.938995	0	956504	8	0
576.956573	0	959056	8	0
578.845062	0	963952	8	0
578.950653	0	970840	8	0
579.053009	0	883752	8	0
579.155731	0	883984	8	0
579.256378	0	918408	8	0
580.245453	0	924456	8	0
580.349823	0	925568	8	0
580.440521	0	42331464	8	0
580.545013	0	42331464	8	0
580.646210	0	910424	8	0
580.657318	0	940392	8	0
580.667145	0	1031016	8	0
580.768158	0	1063400	8	0
581.821991	0	1157344	8	0
581.922943	0	1175424	8	0
582.023834	0	1199168	8	0
582.126984	0	1224696	8	0
582.228790	0	1258008	8	0
583.419708	0	1361184	8	0
583.520355	0	1389952	8	0
583.623138	0	1474880	8	0
583.724152	0	1480960	8	0
583.824798	0	1542672	8	0
583.910919	0	1593400	8	0
585.437225	0	1604032	8	0
585.543182	0	1626200	8	0
585.646637	0	1631440	8	0
585.747406	0	868408	8	0
587.394379	0	872504	8	0
587.618622	0	911560	8	0
587.622345	0	923840	8	0
587.630585	0	924224	8	0
587.641022	0	930168	8	0
587.650177	0	930312	8	0
587.657928	0	934792	8	0
587.667572	0	946640	8	0
587.675995	0	953696	8	0
587.684173	0	962568	8	0
587.694000	0	963960	8	0
587.701691	0	964832	8	0
587.709503	0	967216	8	0
587.718414	0	968072	8	0
587.728241	0	971176	8	0
696.676910	0	978760	8	0
696.679840	0	979920	8	0
696.694183	0	986816	8	0
696.727753	0	996008	8	0
696.835907	0	1033088	8	0
696.844330	0	1047120	8	0
696.949737	0	1047232	8	0
697.055450	0	1051376	8	0
697.159027	0	1060208	8	0
697.274628	0	1068568	8	0
697.379425	0	1072224	8	0
697.483063	0	1085728	8	0
697.585541	0	1093288	8	0
697.693634	0	1098112	8	0
697.796966	0	1118576	8	0
697.902191	0	1128872	8	0
697.956207	0	1132848	8	0
698.585846	0	1133824	8	0
698.688568	0	1146032	8	0
698.791656	0	1156656	8	0
698.896454	0	1178176	8	0
698.998016	0	1186144	8	0
699.102508	0	1186536	8	0
699.208710	0	1203944	8	0
699.314789	0	1211208	8	0
699.514557	0	1213248	8	0
699.561066	0	1224792	8	0
699.746185	0	1226464	8	0
700.018829	0	1228712	8	0
703.329864	0	1231520	8	0
703.436005	0	1234080	8	0
703.540863	0	1243320	8	0
703.646759	0	1245064	8	0
703.750702	0	1255976	8	0
703.765900	0	1258296	8	0
703.870026	0	1265448	8	0
703.976532	0	1273912	8	0
704.079254	0	1284952	8	0
704.183441	0	1292128	8	0
704.286957	0	1292304	8	0
704.390655	0	1295160	8	0
704.493317	0	1308544	8	0
705.223846	0	1329344	8	0
705.327057	0	1331432	8	0
705.432342	0	1333640	8	0
705.540008	0	1338128	8	0
706.110931	0	1338768	8	0
706.135651	0	1348624	8	0
706.238983	0	1375936	8	0
706.342255	0	1382536	8	0
706.449310	0	1384896	8	0
708.566437	0	1386840	8	0
708.670746	0	1390640	8	0
708.778839	0	1392808	8	0
708.882721	0	1404064	8	0
708.975677	0	1405688	8	0
709.081634	0	1418016	8	0
709.185272	0	1418352	8	0
709.288544	0	1419200	8	0
709.391449	0	1420664	8	0
709.495209	0	1422200	8	0
709.513336	0	1425784	8	0
709.533722	0	1440472	8	0
709.637421	0	1441128	8	0
710.776092	0	1451616	8	0
710.880585	0	1452448	8	0
710.983368	0	1454104	8	0
711.087677	0	1460960	8	0
711.191986	0	1464144	8	0
711.529083	0	1467040	8	0
711.632904	0	1481592	8	0
711.736908	0	1487376	8	0
711.840057	0	1493272	8	0
711.993622	0	1499192	8	0
715.151215	0	1500056	8	0
715.255768	0	1504144	8	0
715.358856	0	1505248	8	0
715.463287	0	1507432	8	0
715.744293	0	1520696	8	0
821.911652	0	1522760	8	0
1139.155548	0	1525424	8	0
1139.158722	0	1531592	8	0
1139.198395	0	1532608	8	0
1139.303375	0	1532936	8	0
1139.413849	0	1538688	8	0
1139.425934	0	1542920	8	0
1139.529816	0	1552832	8	0
1139.633942	0	1556232	8	0
1139.738190	0	1566880	8	0
1139.842926	0	1573128	8	0
1139.842926	0	1573136	8	0
1141.263458	0	1577992	8	0
1141.266266	0	1578296	8	0
1141.282257	0	1582632	8	0
1141.388580	0	1588208	8	0
1141.493439	0	1590696	8	0
1141.515045	0	1591032	8	0
1141.618194	0	1597424	8	0
1141.721100	0	1603152	8	0
1141.827545	0	1612656	8	0
1141.931549	0	1613880	8	0
1142.036285	0	1617976	8	0
1142.132233	0	1621208	8	0
1142.146027	0	1622296	8	0
1142.253326	0	1623736	8	0
1142.357819	0	1626424	8	0
1142.463531	0	1626824	8	0
1142.567413	0	1633472	8	0
1142.673126	0	1634256	8	0
1142.777985	0	1634360	8	0
1142.881256	0	1637392	8	0
1142.967194	0	1641456	8	0
1143.152252	0	1642552	8	0
1143.154816	0	1655560	8	0
1143.170685	0	1688640	8	0
1143.170685	0	1688648	8	0
1143.170685	0	1688656	8	0
1143.170685	0	1688664	8	0
1143.170685	0	1688672	8	0
1143.170685	0	1688680	8	0
1143.170685	0	1688688	8	0
1143.170685	0	1688696	8	0
1143.279327	0	881848	8	0
1143.417023	0	913656	8	0
1143.426056	0	915808	8	0
1143.667633	0	915824	8	0
1143.889435	0	936824	8	0
1144.160797	0	942400	8	0
1144.357941	0	947520	8	0
1144.625763	0	948744	8	0
1144.717316	0	959208	8	0
1144.816803	0	961768	8	0
1145.093170	0	965744	8	0
1145.287750	0	970808	8	0
1145.441559	0	971024	8	0
1147.546539	0	971920	8	0
1147.659210	0	973936	8	0
1147.767853	0	979784	8	0
1147.872833	0	980752	8	0
1147.972320	0	996696	8	0
1148.075592	0	997072	8	0
1148.179840	0	998888	8	0
1148.283600	0	1002560	8	0
1148.431183	0	1015240	8	0
1148.535553	0	1017704	8	0
1148.638702	0	1018768	8	0
1149.968658	0	1026584	8	0
1150.066925	0	1030200	8	0
1150.085968	0	1042160	8	0
1150.191070	0	1059128	8	0
1150.295807	0	1076920	8	0
1150.399811	0	1079048	8	0
1150.904083	0	1082368	8	0
1151.008819	0	1090016	8	0
1151.113312	0	1095720	8	0
1151.218048	0	1099416	8	0
1151.317535	0	1117488	8	0
1151.421905	0	1125872	8	0
1151.564728	0	1141592	8	0
1151.826691	0	1142912	8	0
1152.047516	0	1143200	8	0
1152.320343	0	1153152	8	0
1152.514801	0	1168848	8	0
1152.787262	0	1181568	8	0
1152.982696	0	1195864	8	0
1152.993927	0	1196144	8	0
1153.256500	0	1197312	8	0
1153.449249	0	1198856	8	0
1153.712311	0	1202568	8	0
1153.907867	0	1211120	8	0
1154.182403	0	1219584	8	0
1154.375030	0	1224624	8	0
1154.570465	0	1228664	8	0
1154.841217	0	1237512	8	0
1155.039459	0	1240192	8	0
1155.308380	0	1254504	8	0
1155.496857	0	1263288	8	0
1155.593780	0	1278384	8	0
1155.778229	0	1283976	8	0
1155.976837	0	1290160	8	0
1156.249176	0	1292384	8	0
1157.384186	0	1309392	8	0
1157.490143	0	1323120	8	0
1157.594635	0	1323432	8	0
1157.701935	0	1325096	8	0
1157.803863	0	1326080	8	0
1157.820099	0	1329136	8	0
1158.811188	0	1330528	8	0
1158.917145	0	1336376	8	0
1159.021515	0	1338672	8	0
1159.475983	0	1341736	8	0
1159.582306	0	1357864	8	0
1159.693024	0	1359920	8	0
1159.798004	0	1376544	8	0
1160.404083	0	1378232	8	0
1160.500397	0	1379968	8	0
1160.513824	0	1385448	8	0
1160.617584	0	1386376	8	0
1160.722809	0	1386736	8	0
1162.179230	0	1387432	8	0
1162.286774	0	1403016	8	0
1162.388214	0	1409912	8	0
1162.492828	0	1410960	8	0
1162.595367	0	1411472	8	0
1164.229278	0	1426744	8	0
1164.892486	0	1433032	8	0
1164.997955	0	1445928	8	0
1165.101715	0	1451336	8	0
1165.205719	0	1469032	8	0
1165.213898	0	1479984	8	0
1165.229034	0	1485008	8	0
1165.334503	0	1494312	8	0
1165.439239	0	1498064	8	0
1165.543732	0	1500848	8	0
1165.647858	0	1503224	8	0
1165.758453	0	1515688	8	0
1165.862457	0	1518936	8	0
1165.966217	0	1521304	8	0
1167.772980	0	1525920	8	0
1167.789581	0	1530544	8	0
1167.894562	0	1532072	8	0
1167.999664	0	1540600	8	0
1168.104034	0	1543056	8	0
1168.207306	0	1543152	8	0
1168.311676	0	1570216	8	0
1168.415192	0	1572552	8	0
1170.172028	0	1573808	8	0
1170.174957	0	1578304	8	0
1170.183258	0	1614912	8	0
1170.191803	0	1617800	8	0
1170.202057	0	1618400	8	0
1170.209747	0	1618912	8	0
1170.218536	0	1619576	8	0
1170.226349	0	1620216	8	0
1170.235016	0	1621424	8	0
1170.256744	0	1632192	8	0
1170.269440	0	1685560	8	0
1170.269440	0	1685568	8	0
1170.269440	0	1685576	8	0
1170.277985	0	78016	8	0
1170.286163	0	826440	8	0
1170.294952	0	882576	8	0
1170.303863	0	928296	8	0
1170.310821	0	932952	8	0
1170.319611	0	945472	8	0
1170.327667	0	947912	8	0
1170.336334	0	948536	8	0
1278.832428	0	952568	8	0
1278.835358	0	960024	8	0
1278.879669	0	960224	8	0
1278.986481	0	960640	8	0
1279.094635	0	968568	8	0
1279.104278	0	968936	8	0
1279.211334	0	976320	8	0
1279.317535	0	985024	8	0
1279.422760	0	987976	8	0
1279.529938	0	999744	8	0
1279.940338	0	1001448	8	0
1279.943268	0	1002040	8	0
1279.957550	0	1005560	8	0
1280.061188	0	1005728	8	0
1280.169098	0	1013584	8	0
1280.176056	0	1014824	8	0
1280.285187	0	1015464	8	0
1280.389435	0	1015696	8	0
1280.494537	0	1019432	8	0
1280.597443	0	1022056	8	0
1280.703278	0	1044920	8	0
1280.797272	0	1048256	8	0
1280.805694	0	1052664	8	0
1280.819488	0	1053608	8	0
1280.924347	0	1054504	8	0
1281.030304	0	1060192	8	0
1281.147369	0	1061384	8	0
1283.979889	0	1067104	8	0
1284.084503	0	1085984	8	0
1284.187897	0	1096456	8	0
1284.298248	0	1096936	8	0
1284.392364	0	1102432	8	0
1284.418610	0	1108704	8	0
1284.525787	0	1112552	8	0
1284.632111	0	1115488	8	0
1284.740387	0	1130672	8	0
1284.845978	0	1131448	8	0
1284.961578	0	1158312	8	0
1285.065582	0	1169560	8	0
1285.172760	0	1175368	8	0
1285.515655	0	1181856	8	0
1285.535919	0	1190112	8	0
1285.639313	0	1196712	8	0
1285.754547	0	1208792	8	0
1285.857696	0	1209776	8	0
1287.535431	0	1210640	8	0
1287.639435	0	1224200	8	0
1287.646515	0	1229752	8	0
1287.753693	0	1235032	8	0
1287.861481	0	1242504	8	0
1287.958282	0	1242784	8	0
1287.972320	0	1243368	8	0
1288.076202	0	1243456	8	0
1288.185211	0	1247544	8	0
1288.290680	0	1256784	8	0
1288.398346	0	1275904	8	0
1288.505035	0	1277984	8	0
1288.619171	0	1281336	8	0
1288.728668	0	1288040	8	0
1288.831085	0	1310640	8	0
1291.572784	0	1323384	8	0
1291.687897	0	1341872	8	0
1291.795196	0	1343336	8	0
1291.905548	0	1346432	8	0
1292.011139	0	1373920	8	0
1292.116974	0	1393600	8	0
1292.225128	0	1397680	8	0
1292.325592	0	1402080	8	0
1292.344757	0	1403928	8	0
1292.448517	0	1406328	8	0
1292.554962	0	1407816	8	0
1292.658966	0	1409408	8	0
1292.762848	0	1409960	8	0
1292.871002	0	1431864	8	0
1292.977569	0	1441848	8	0
1293.506378	0	1443848	8	0
1293.606110	0	1444480	8	0
1293.712433	0	1444704	8	0
1293.818390	0	1452088	8	0
1293.920685	0	1457160	8	0
1294.027985	0	1461384	8	0
1294.131744	0	1461488	8	0
1294.246002	0	1468888	8	0
1294.440338	0	1474936	8	0
1294.712677	0	1499008	8	0
1294.732086	0	1503064	8	0
1294.909454	0	1507680	8	0
1295.180206	0	1508352	8	0
1295.363312	0	1510832	8	0
1295.638092	0	1518304	8	0
1295.832306	0	1527504	8	0
1296.030792	0	1550848	8	0
1296.298859	0	1554584	8	0
1296.500763	0	1555368	8	0
1296.769073	0	1559792	8	0
1296.962433	0	1561872	8	0
1297.223663	0	1572872	8	0
1297.255279	0	1574952	8	0
1297.266022	0	1585120	8	0
1297.459259	0	1590552	8	0
1297.738800	0	1592040	8	0
1297.929352	0	1593168	8	0
1298.204742	0	1595360	8	0
1298.395660	0	1596536	8	0
1298.665436	0	1606768	8	0
1298.858917	0	1614824	8	0
1299.115631	0	1617072	8	0
1299.131622	0	1626616	8	0
1299.329864	0	1632784	8	0
1299.601471	0	1632880	8	0
1299.801544	0	1648616	8	0
1300.240509	0	1649760	8	0
1300.296661	0	1688704	8	0
1300.296661	0	1688712	8	0
1300.307281	0	1703752	8	0
1300.307281	0	1703760	8	0
1302.944000	0	826992	8	0
1304.934357	0	909992	8	0
1305.040314	0	920232	8	0
1305.146393	0	926800	8	0
1305.250519	0	933568	8	0
1305.353546	0	934776	8	0
1305.971832	0	938696	8	0
1415.565216	0	941824	8	0
1739.381500	0	946280	8	0
1739.384674	0	946544	8	0
1739.425323	0	950592	8	0
1739.528839	0	957088	8	0
1739.638336	0	960656	8	0
1739.648712	0	964264	8	0
1739.754425	0	967552	8	0
1739.859528	0	973032	8	0
1739.963776	0	976344	8	0
1740.070099	0	978680	8	0
1740.175812	0	979800	8	0
1740.270294	0	1001608	8	0
1740.286285	0	1003960	8	0
1740.389435	0	1007704	8	0
1740.495758	0	1007864	8	0
1740.601227	0	1017768	8	0
1740.705109	0	1018264	8	0
1740.809479	0	1040776	8	0
1740.913971	0	1045752	8	0
1741.017731	0	1070576	8	0
1741.113434	0	1100872	8	0
1741.128326	0	1103120	8	0
1741.291901	0	1110768	8	0
1741.486236	0	1113000	8	0
1741.749664	0	1114496	8	0
1743.845734	0	1115464	8	0
1743.953522	0	1122712	8	0
1744.059112	0	1123008	8	0
1744.164947	0	1124360	8	0
1744.258819	0	1127368	8	0
1744.268585	0	1128432	8	0
1744.281158	0	1131496	8	0
1744.385773	0	1138440	8	0
1744.493072	0	1138640	8	0
1744.522369	0	1141712	8	0
1744.538849	0	1144464	8	0
1744.642120	0	1166080	8	0
1744.924103	0	1173456	8	0
1745.030426	0	1173976	8	0
1745.137604	0	1175760	8	0
1745.241241	0	1191312	8	0
1745.344391	0	1193184	8	0
1745.451202	0	1195520	8	0
1745.648834	0	1198952	8	0
1746.306915	0	1203024	8	0
1749.392242	0	1204536	8	0
1749.497101	0	1216720	8	0
1749.920563	0	1220408	8	0
1750.034332	0	1226808	8	0
1750.131744	0	1227384	8	0
1750.145538	0	1227648	8	0
1750.249054	0	1233296	8	0
1750.353668	0	1237360	8	0
1750.460846	0	1241448	8	0
1750.565338	0	1246128	8	0
1750.668487	0	1246720	8	0
1751.420807	0	1261144	8	0
1751.526642	0	1265616	8	0
1751.623688	0	1269968	8	0
1751.730377	0	1271768	8	0
1751.853912	0	1277616	8	0
1751.959137	0	1280384	8	0
1752.345001	0	1280616	8	0
1752.449005	0	1282376	8	0
1752.519684	0	1283712	8	0
1752.527985	0	1285720	8	0
1752.536285	0	1287504	8	0
1752.552643	0	1288136	8	0
1752.656158	0	1289168	8	0
1752.865387	0	1289192	8	0
1754.201691	0	1289664	8	0
1754.306427	0	1302000	8	0
1754.411041	0	1303552	8	0
1754.514679	0	1324864	8	0
1757.774322	0	1334976	8	0
1757.856842	0	1341672	8	0
1757.875153	0	1348616	8	0
1757.889069	0	1354576	8	0
1757.992706	0	1355896	8	0
1758.097320	0	1376416	8	0
1758.201324	0	1377104	8	0
1758.312286	0	1391088	8	0
1758.420929	0	1392624	8	0
1758.523956	0	1395032	8	0
1758.629059	0	1402176	8	0
1758.721466	0	1418064	8	0
1758.826202	0	1421352	8	0
1758.930084	0	1424840	8	0
1759.033844	0	1428496	8	0
1759.137848	0	1428848	8	0
1760.739410	0	1439312	8	0
1760.748444	0	1441016	8	0
1760.764313	0	1441816	8	0
1760.867950	0	1451168	8	0
1760.973541	0	1455664	8	0
1761.077667	0	1462856	8	0
1761.182159	0	1468328	8	0
1761.285065	0	1474352	8	0
1761.293365	0	1478352	8	0
1761.396515	0	1479352	8	0
1761.501129	0	1499912	8	0
1761.609894	0	1505384	8	0
1761.712921	0	1509448	8	0
1761.820343	0	1511040	8	0
1762.253815	0	1523128	8	0
1765.056061	0	1545664	8	0
1765.186066	0	1546448	8	0
1765.193634	0	1556016	8	0
1765.298370	0	1567096	8	0
1765.402252	0	1567856	8	0
1765.508575	0	1575784	8	0
1765.613190	0	1578960	8	0
1765.716949	0	1582648	8	0
1765.820465	0	1585288	8	0
1765.935089	0	1589760	8	0
1766.038483	0	1593656	8	0
1766.143463	0	1598112	8	0
1766.247711	0	1604928	8	0
1766.350616	0	1622256	8	0
1766.454376	0	1640592	8	0
1766.559235	0	1640816	8	0
1766.665680	0	1652008	8	0
1766.770172	0	1653720	8	0
1766.780060	0	1655160	8	0
1766.884186	0	1658224	8	0
1766.988068	0	1688720	8	0
1766.988068	0	1688728	8	0
1766.988068	0	1688736	8	0
1767.097076	0	862824	8	0
1767.286285	0	920120	8	0
1767.553253	0	930960	8	0
1767.740997	0	936256	8	0
1768.007965	0	940992	8	0
1768.194122	0	946184	8	0
1768.202179	0	948088	8	0
1768.382233	0	959224	8	0
1768.646149	0	966784	8	0
1768.835602	0	975296	8	0
1770.846710	0	977712	8	0
1770.950958	0	1006104	8	0
1771.056305	0	1010000	8	0
1771.155182	0	1011096	8	0
1771.259796	0	1015800	8	0
1771.369049	0	1023824	8	0
1771.473297	0	1034472	8	0
1771.578278	0	1035096	8	0
1771.684601	0	1042968	8	0
1771.788605	0	1054464	8	0
1771.892486	0	1055040	8	0
1771.996002	0	1063432	8	0
1772.099274	0	1070208	8	0
1772.194611	0	1081176	8	0
1772.219635	0	1083200	8	0
1775.346344	0	1083968	8	0
1775.466461	0	1086488	8	0
1775.570709	0	1090688	8	0
1775.676788	0	1120432	8	0
1775.780670	0	1126800	8	0
1775.883819	0	1128128	8	0
1775.989166	0	1140032	8	0
1776.092560	0	1142416	8	0
1776.195831	0	1160616	8	0
1776.299957	0	1171184	8	0
1776.405426	0	1190896	8	0
1776.498688	0	1191832	8	0
1776.507477	0	1201248	8	0
1776.610992	0	1209864	8	0
1776.721100	0	1210376	8	0
1776.827545	0	1212856	8	0
1778.432403	0	1214592	8	0
1778.539703	0	1216384	8	0
1778.644562	0	1218440	8	0
1778.750397	0	1226520	8	0
1778.839264	0	1233904	8	0
1778.944855	0	1237112	8	0
1779.048370	0	1242496	8	0
1779.152130	0	1259280	8	0
1779.246246	0	1260384	8	0
1779.268951	0	1261216	8	0
1779.371857	0	1265336	8	0
1779.475983	0	1275272	8	0
1779.579986	0	1277072	8	0
1782.053497	0	1277568	8	0
1782.164947	0	1277744	8	0
1782.268463	0	1286576	8	0
1782.766754	0	1286648	8	0
1782.769195	0	1288760	8	0
1782.778229	0	1293528	8	0
1782.788971	0	1298208	8	0
1782.798370	0	1309520	8	0
1782.805572	0	1326232	8	0
1782.814484	0	1328840	8	0
1782.822052	0	1342824	8	0
1782.830231	0	1343584	8	0
1782.838776	0	1346320	8	0
1782.847565	0	1354800	8	0
1782.856476	0	1365032	8	0
1782.866608	0	1372688	8	0
1782.875275	0	1374584	8	0
1782.883331	0	1385776	8	0
1782.907013	0	1389304	8	0
1782.918854	0	1395464	8	0
1782.926910	0	1395488	8	0
1782.937775	0	1399840	8	0
1782.948761	0	1402536	8	0
1782.958160	0	1409080	8	0
1782.964996	0	1418216	8	0
1782.972565	0	1421264	8	0
1782.983429	0	1425552	8	0
1891.954498	0	1433848	8	0
1891.957672	0	1435632	8	0
1892.003570	0	1436856	8	0
1892.112213	0	1441496	8	0
1892.216949	0	1445768	8	0
1892.226715	0	1452848	8	0
1892.333160	0	1453712	8	0
1892.441559	0	1454136	8	0
1892.547516	0	1458136	8	0
1892.653229	0	1463360	8	0
1892.759186	0	1464248	8	0
1892.852936	0	1466208	8	0
1892.870514	0	1472552	8	0
1892.958893	0	1497240	8	0
1893.066070	0	1499208	8	0
1893.171295	0	1500840	8	0
1893.277252	0	1510640	8	0
1893.384918	0	1517560	8	0
1893.491852	0	1526152	8	0
1893.595611	0	1530168	8	0
1893.990143	0	1541680	8	0
1893.992828	0	1553616	8	0
1894.006744	0	1557328	8	0
1894.111236	0	1557344	8	0
1894.370758	0	1561400	8	0
1894.378326	0	1562368	8	0
1894.556549	0	1565552	8	0
1895.073639	0	1567904	8	0
1896.942047	0	1574456	8	0
1897.047760	0	1581864	8	0
1897.152252	0	1582048	8	0
1897.247223	0	1588808	8	0
1897.262360	0	1589000	8	0
1897.367828	0	1592960	8	0
1897.474029	0	1594248	8	0
1897.578278	0	1603528	8	0
1898.503082	0	1615784	8	0
1898.609283	0	1625792	8	0
1898.715729	0	1630304	8	0
1898.820465	0	1632472	8	0
1898.912018	0	1695712	8	0
1898.921295	0	826472	8	0
1898.933746	0	900984	8	0
1899.037506	0	901032	8	0
1899.143463	0	901120	8	0
1899.248688	0	901136	8	0
1899.437653	0	901168	8	0
1899.708893	0	901232	8	0
1899.905182	0	901312	8	0
1901.436920	0	901368	8	0
1901.539947	0	901416	8	0
1901.557037	0	901464	8	0
1901.664703	0	901504	8	0
1901.664703	0	901512	8	0
1901.772858	0	901536	8	0
1901.772858	0	901544	8	0
1901.881744	0	901656	8	0
1903.738190	0	901696	8	0
1903.845367	0	901768	8	0
1903.952789	0	901792	8	0
1904.065826	0	901816	8	0
1904.152740	0	901888	8	0
1904.257233	0	901952	8	0
1904.362457	0	901968	8	0
1904.467926	0	902008	8	0
1904.467926	0	902016	8	0
1904.561676	0	902032	8	0
1904.569977	0	902432	8	0
1904.582184	0	902456	8	0
1904.686676	0	902552	8	0
1904.791901	0	902704	8	0
1904.895660	0	902792	8	0
1905.001129	0	902808	8	0
1905.107819	0	912728	8	0
1905.212311	0	919328	8	0
1905.401031	0	929688	8	0
1907.361725	0	934280	8	0
1907.385651	0	938328	8	0
1907.399811	0	947480	8	0
1907.504303	0	949104	8	0
1907.608551	0	951968	8	0
1907.714264	0	962128	8	0
1907.817779	0	980008	8	0
1907.833160	0	985464	8	0
1907.938873	0	1013928	8	0
1909.590729	0	1016384	8	0
1909.701324	0	1019224	8	0
1909.808990	0	1036088	8	0
1909.913727	0	1049104	8	0
1910.020904	0	1054888	8	0
1910.130279	0	1060152	8	0
1910.499664	0	1070992	8	0
1910.606354	0	1073488	8	0
1910.710602	0	1077112	8	0
1910.819488	0	1082152	8	0
1910.927154	0	1104056	8	0
1911.031647	0	1105080	8	0
1912.386871	0	1110976	8	0
1912.394928	0	1111496	8	0
1912.502350	0	1115912	8	0
1912.597809	0	1121096	8	0
1912.613922	0	1122280	8	0
1912.721588	0	1145088	8	0
1912.827545	0	1152856	8	0
1912.933258	0	1156904	8	0
1913.037262	0	1159904	8	0
1913.145172	0	1168256	8	0
1913.248932	0	1174496	8	0
1913.356110	0	1195112	8	0
1913.494293	0	1196064	8	0
1913.513092	0	1204496	8	0
1914.089752	0	1213648	8	0
1914.544342	0	1214408	8	0
1914.651520	0	1216136	8	0
1914.658844	0	1217336	8	0
1916.365143	0	1219344	8	0
1916.472076	0	1225536	8	0
1916.578522	0	1246696	8	0
1916.683990	0	1248920	8	0
1916.788483	0	1260224	8	0
1916.893463	0	1263808	8	0
1916.999664	0	1269704	8	0
1917.105133	0	1287680	8	0
1917.213531	0	1288896	8	0
1917.318756	0	1293960	8	0
1917.426422	0	1304544	8	0
1920.065338	0	1331000	8	0
1920.191803	0	1339864	8	0
1920.202057	0	1359680	8	0
1920.311188	0	1364520	8	0
1920.415436	0	1371824	8	0
1920.520172	0	1372640	8	0
1920.626861	0	1375624	8	0
1920.733307	0	1377280	8	0
1920.840485	0	1378960	8	0
1920.946930	0	1385272	8	0
1921.049713	0	1386504	8	0
1921.062164	0	1387224	8	0
1921.165436	0	1388768	8	0
1921.269928	0	1395672	8	0
1921.269928	0	1395680	8	0
1921.377594	0	1396904	8	0
1921.480865	0	1412360	8	0
1921.586578	0	1416632	8	0
1921.693756	0	1418584	8	0
1921.799225	0	1421208	8	0
1921.911529	0	1454200	8	0
1922.114654	0	1455928	8	0
1922.175934	0	1472144	8	0
1922.201813	0	1499696	8	0
1922.359772	0	1501744	8	0
1922.537994	0	1506440	8	0
1922.812897	0	1521320	8	0
1923.017486	0	1523096	8	0
1923.267975	0	1528024	8	0
1923.461090	0	1531960	8	0
1923.723785	0	1535040	8	0
1923.898102	0	1543048	8	0
1924.160309	0	1565344	8	0
1924.350250	0	1570296	8	0
1924.619537	0	1576728	8	0
1925.009186	0	1581640	8	0
1929.413971	0	1581936	8	0
1929.521881	0	1587920	8	0
1929.626373	0	1607456	8	0
1929.723053	0	1611776	8	0
1929.733063	0	1614680	8	0
1929.837555	0	1618592	8	0
1929.947418	0	1619240	8	0
1930.058502	0	1623592	8	0
1930.162994	0	1696792	8	0
1930.271149	0	1697136	8	0
1930.375153	0	1697552	8	0
1930.395660	0	1699192	8	0
1930.418121	0	1699416	8	0
1930.521881	0	881808	8	0
1930.626861	0	920904	8	0
1930.730133	0	922944	8	0
1931.361236	0	926200	8	0
2041.167389	0	931464	8	0
2365.456695	0	934648	8	0
2365.459625	0	936304	8	0
2365.497711	0	948568	8	0
2365.599762	0	951424	8	0
2365.705231	0	972536	8	0
2365.713531	0	981504	8	0
2365.825104	0	984632	8	0
2365.932526	0	995376	8	0
2366.038971	0	999096	8	0
2366.148346	0	1006616	8	0
2366.252106	0	1006824	8	0
2366.345611	0	1006840	8	0
2366.360992	0	1013320	8	0
2366.463531	0	1020328	8	0
2366.567291	0	1032856	8	0
2366.674957	0	1042328	8	0
2366.778717	0	1045488	8	0
2366.881744	0	1048576	8	0
2366.985260	0	1051840	8	0
2367.092682	0	1053728	8	0
2367.190582	0	1055472	8	0
2367.205963	0	1055744	8	0
2367.340973	0	1083656	8	0
2367.536041	0	1098128	8	0
2367.798004	0	1098280	8	0
2369.890045	0	1100184	8	0
2369.994293	0	1103088	8	0
2370.100738	0	1108952	8	0
2370.206695	0	1111296	8	0
2370.298736	0	1114336	8	0
2370.312164	0	1117840	8	0
2370.418610	0	1117928	8	0
2370.526276	0	1120864	8	0
2370.631744	0	1134080	8	0
2370.951569	0	1136920	8	0
2371.055084	0	1142400	8	0
2371.158844	0	1143320	8	0
2371.261627	0	1149176	8	0
2371.359772	0	1164248	8	0
2371.373932	0	1169408	8	0
2371.481110	0	1175208	8	0
2371.686676	0	1178240	8	0
2371.861969	0	1191160	8	0
2371.950592	0	1192312	8	0
2372.228668	0	1193136	8	0
2372.408111	0	1196296	8	0
2372.415924	0	1201968	8	0
2372.431061	0	1203544	8	0
2372.691315	0	1215024	8	0
2372.885162	0	1218576	8	0
2373.157623	0	1218672	8	0
2373.353912	0	1224944	8	0
2373.623932	0	1226704	8	0
2373.800934	0	122944	8	0
2374.016998	0	123056	8	0
2374.225250	0	124080	8	0
2374.422272	0	125104	8	0
2374.667145	0	126128	8	0
2374.888580	0	127152	8	0
2376.301910	0	128176	8	0
2376.923004	0	147544	8	0
2377.030914	0	158856	8	0
2377.039703	0	159808	8	0
2377.139069	0	160832	8	0
2377.243805	0	161856	8	0
2379.729156	0	162880	8	0
2380.466949	0	163904	8	0
2380.569733	0	164000	8	0
2380.584381	0	165024	8	0
2380.689117	0	166048	8	0
2380.797516	0	167072	8	0
2380.902740	0	168096	8	0
2381.009186	0	169120	8	0
2381.114166	0	170144	8	0
2381.216705	0	171168	8	0
2381.323639	0	172120	8	0
2382.197174	0	172304	8	0
2382.216461	0	173328	8	0
2382.325348	0	174352	8	0
2382.429352	0	175376	8	0
2382.531647	0	176400	8	0
2384.089996	0	177424	8	0
2384.195709	0	178448	8	0
2384.299469	0	179472	8	0
2384.405182	0	180408	8	0
2384.497955	0	181432	8	0
2384.602447	0	182456	8	0
2384.705231	0	183480	8	0
2384.814850	0	184504	8	0
2384.920319	0	185528	8	0
2385.026520	0	186552	8	0
2385.129547	0	187576	8	0
2385.238434	0	188608	8	0
2385.511871	0	189632	8	0
2385.704742	0	190656	8	0
2385.975983	0	191680	8	0
2386.147858	0	192704	8	0
2386.348297	0	193728	8	0
2386.624420	0	194752	8	0
2386.817047	0	195776	8	0
2387.088043	0	204880	8	0
2387.178619	0	204960	8	0
2387.279694	0	205984	8	0
2387.554108	0	207008	8	0
2387.749176	0	208032	8	0
2388.021393	0	209056	8	0
2388.218170	0	210080	8	0
2388.490143	0	106560	8	0
2388.685455	0	211104	8	0
2388.694244	0	212128	8	0
2388.961334	0	348384	8	0
2389.054352	0	364816	8	0
2389.149078	0	364832	8	0
2389.158600	0	373032	8	0
2389.167877	0	373080	8	0
2389.176178	0	381392	8	0
2389.186432	0	382416	8	0
2389.428619	0	383440	8	0
2389.622711	0	384464	8	0
2389.799469	0	385488	8	0
2391.416168	0	386512	8	0
2391.519195	0	387536	8	0
2391.624420	0	388560	8	0
2391.730377	0	389544	8	0
2391.829254	0	390568	8	0
2391.933746	0	391592	8	0
2392.041656	0	392616	8	0
2392.146637	0	393640	8	0
2395.665924	0	394664	8	0
2395.769684	0	395688	8	0
2395.872955	0	396712	8	0
2395.977936	0	397640	8	0
2396.071197	0	397808	8	0
2396.091705	0	398832	8	0
2396.205963	0	399856	8	0
2396.309723	0	400880	8	0
2396.412018	0	401904	8	0
2396.517242	0	402928	8	0
2396.621490	0	403952	8	0
2396.725006	0	404976	8	0
2396.831940	0	405936	8	0
2397.203033	0	406040	8	0
2397.216949	0	407064	8	0
2397.319977	0	408088	8	0
2397.429352	0	409112	8	0
2397.532379	0	410136	8	0
2397.637360	0	411160	8	0
2397.742340	0	412184	8	0
2397.872711	0	413208	8	0
2398.063629	0	414120	8	0
2398.325104	0	414224	8	0
2398.339508	0	415248	8	0
2398.513580	0	416272	8	0
2398.782867	0	417296	8	0
2399.391510	0	418320	8	0
2401.202301	0	419344	8	0
2401.311188	0	420368	8	0
2401.412994	0	421392	8	0
2401.516022	0	422392	8	0
2401.618805	0	423416	8	0
2401.723053	0	424440	8	0
2401.826569	0	425464	8	0
2401.929840	0	426488	8	0
2402.032135	0	427512	8	0
2402.138824	0	428536	8	0
2402.241608	0	429560	8	0
2402.346588	0	430552	8	0
2402.446197	0	430656	8	0
2402.459625	0	431680	8	0
2402.566070	0	432704	8	0
2402.750397	0	433728	8	0
2402.932526	0	434752	8	0
2403.198883	0	435776	8	0
2403.386139	0	436800	8	0
2403.651276	0	437824	8	0
2403.839996	0	438760	8	0
2404.104156	0	438888	8	0
2404.122467	0	439912	8	0
2404.295319	0	440936	8	0
2404.483307	0	441960	8	0
2404.747711	0	442984	8	0
2404.953278	0	444008	8	0
2405.221588	0	445032	8	0
2405.404449	0	446056	8	0
2405.668121	0	447080	8	0
2405.861481	0	448104	8	0
2406.121735	0	449128	8	0
2406.309723	0	450152	8	0
2406.494049	0	451176	8	0
2406.774322	0	452200	8	0
2406.960358	0	453224	8	0
2407.225494	0	454248	8	0
2407.413483	0	455192	8	0
2407.676422	0	455288	8	0
2407.691803	0	456312	8	0
2407.865143	0	457336	8	0
2408.135162	0	458360	8	0
2408.316803	0	459384	8	0
2408.586090	0	460408	8	0
2408.776276	0	461432	8	0
2409.041168	0	462456	8	0
2409.227936	0	463408	8	0
2409.412506	0	463456	8	0
2409.423004	0	464480	8	0
2409.679352	0	465504	8	0
2409.870026	0	466528	8	0
2410.116852	0	467552	8	0
2410.325348	0	468576	8	0
2410.590485	0	469600	8	0
2410.776031	0	470624	8	0
2411.041412	0	471624	8	0
2411.139557	0	471720	8	0
2411.225983	0	472744	8	0
2411.415680	0	473768	8	0
2411.682770	0	474792	8	0
2411.850006	0	475816	8	0
2412.131500	0	476840	8	0
2412.322418	0	477864	8	0
2412.583404	0	479840	8	0
2412.772613	0	479928	8	0
2412.785309	0	480952	8	0
2413.041412	0	481976	8	0
2413.227692	0	483000	8	0
2413.494293	0	484024	8	0
2413.661285	0	485048	8	0
2413.881744	0	486072	8	0
2414.145904	0	488056	8	0
2414.166901	0	478856	8	0
2414.176422	0	479208	8	0
2414.215973	0	486248	8	0
2414.336090	0	487272	8	0
2414.912262	0	56	8	0
2414.914459	0	8256	8	0
2414.923736	0	12368	8	0
2414.931793	0	98456	8	0
2414.940826	0	114840	8	0
2414.947662	0	123040	8	0
2414.956451	0	131224	8	0
2414.964264	0	139440	8	0
2414.972809	0	147656	8	0
2414.982086	0	151672	8	0
2414.990143	0	163984	8	0
2414.998688	0	172288	8	0
2415.007965	0	180392	8	0
2415.018219	0	188600	8	0
2415.027008	0	204952	8	0
2415.034820	0	270400	8	0
2415.043121	0	373072	8	0
2415.051910	0	389536	8	0
2415.060944	0	397800	8	0
2415.069244	0	406032	8	0
2415.079254	0	414216	8	0
2415.088043	0	422384	8	0
2415.095367	0	430648	8	0
2415.104156	0	438880	8	0
2415.114166	0	447072	8	0
2415.122467	0	455280	8	0
2415.131744	0	463448	8	0
2415.142242	0	471712	8	0
2415.150299	0	479920	8	0
2524.894440	0	131128	8	0
2524.897369	0	131232	8	0
2524.939850	0	132256	8	0
2525.042633	0	133280	8	0
2525.146393	0	133288	8	0
2525.157867	0	134312	8	0
2525.260895	0	135336	8	0
2525.364654	0	136360	8	0
2525.468170	0	137384	8	0
2525.575348	0	138408	8	0
2525.678863	0	114744	8	0
2525.775299	0	114848	8	0
2525.789703	0	115872	8	0
2525.896149	0	116896	8	0
2526.000885	0	117920	8	0
2526.111725	0	118944	8	0
2526.218170	0	119968	8	0
2526.327301	0	120992	8	0
2526.431793	0	122016	8	0
2526.539215	0	98360	8	0
2526.633697	0	98464	8	0
2526.649322	0	99488	8	0
2526.814606	0	100512	8	0
2527.086334	0	101536	8	0
2527.271637	0	102560	8	0
2529.443512	0	103584	8	0
2529.549225	0	104608	8	0
2529.655426	0	105632	8	0
2529.760162	0	139328	8	0
2529.855377	0	139448	8	0
2529.872223	0	140472	8	0
2529.978180	0	141496	8	0
2530.082672	0	142520	8	0
2530.187897	0	143544	8	0
2530.610504	0	144568	8	0
2530.714508	0	145592	8	0
2530.819244	0	146616	8	0
2530.931305	0	147560	8	0
2531.028961	0	147664	8	0
2531.044830	0	148688	8	0
2531.156647	0	149712	8	0
2531.346832	0	150736	8	0
2531.525543	0	159808	8	0
2531.863434	0	160832	8	0
2533.784576	0	161856	8	0
2533.889557	0	162880	8	0
2533.994781	0	163904	8	0
2534.104645	0	164000	8	0
2534.116852	0	165024	8	0
2534.221588	0	166048	8	0
2534.331695	0	167072	8	0
2534.445709	0	168096	8	0
2534.550201	0	169120	8	0
2534.663238	0	170144	8	0
2534.769440	0	171168	8	0
2534.874420	0	172120	8	0
2535.718170	0	172304	8	0
2535.745270	0	156808	8	0
2535.853668	0	157832	8	0
2535.956940	0	158856	8	0
2536.064850	0	159784	8	0
2536.931549	0	173328	8	0
2536.940094	0	174352	8	0
2537.045563	0	175376	8	0
2537.151764	0	176400	8	0
2537.257233	0	177424	8	0
2537.362945	0	178448	8	0
2537.466705	0	179472	8	0
2537.572174	0	180408	8	0
2537.666656	0	181432	8	0
2537.769928	0	151592	8	0
2537.955231	0	151688	8	0
2539.668121	0	152712	8	0
2539.772125	0	153736	8	0
2539.875397	0	154760	8	0
2539.984283	0	155784	8	0
2540.091949	0	182456	8	0
2540.197906	0	183480	8	0
2540.303375	0	184504	8	0
2540.409820	0	185528	8	0
2541.199615	0	186552	8	0
2542.585113	0	187576	8	0
2542.688629	0	188504	8	0
2542.782379	0	188608	8	0
2542.798248	0	189632	8	0
2543.706940	0	190656	8	0
2543.811676	0	191680	8	0
2543.915192	0	192704	8	0
2544.021881	0	193728	8	0
2544.127594	0	194752	8	0
2544.236236	0	195776	8	0
2544.340240	0	147544	8	0
2544.434235	0	204880	8	0
2544.440826	0	204960	8	0
2544.452301	0	205984	8	0
2544.671539	0	207008	8	0
2544.776276	0	208032	8	0
2544.881744	0	209056	8	0
2544.995026	0	210080	8	0
2545.138092	0	122944	8	0
2545.331940	0	123056	8	0
2545.345856	0	124080	8	0
2545.606598	0	125104	8	0
2545.802643	0	126128	8	0
2546.071442	0	127152	8	0
2546.270416	0	128176	8	0
2546.448883	0	129200	8	0
2549.728668	0	130224	8	0
2549.836578	0	211104	8	0
2549.927399	0	212128	8	0
2550.031647	0	348384	8	0
2550.126617	0	364816	8	0
2550.137604	0	364832	8	0
2550.144440	0	373032	8	0
2550.155914	0	373080	8	0
2550.167389	0	381392	8	0
2550.175690	0	382416	8	0
2550.282135	0	383440	8	0
2550.388336	0	384464	8	0
2550.494293	0	385488	8	0
2550.597565	0	386512	8	0
2550.703522	0	387536	8	0
2550.813629	0	388560	8	0
2550.917145	0	106560	8	0
2551.023346	0	389544	8	0
2551.030182	0	390568	8	0
2551.135651	0	391592	8	0
2551.436188	0	392616	8	0
2551.542389	0	393640	8	0
2554.557037	0	394664	8	0
2554.662506	0	395688	8	0
2554.770904	0	396712	8	0
2554.876617	0	397704	8	0
2554.979645	0	397808	8	0
2554.993805	0	398832	8	0
2555.099518	0	399856	8	0
2555.205963	0	400880	8	0
2555.309723	0	401904	8	0
2555.414459	0	402928	8	0
2555.521637	0	403952	8	0
2555.627106	0	404976	8	0
2556.718903	0	405936	8	0
2556.818512	0	406040	8	0
2556.832672	0	407064	8	0
2556.938141	0	408088	8	0
2557.042633	0	409112	8	0
2557.148346	0	410136	8	0
2557.255524	0	411160	8	0
2557.360504	0	412184	8	0
2557.465485	0	413208	8	0
2557.626373	0	414224	8	0
2557.892975	0	415248	8	0
2558.076080	0	416272	8	0
2558.344635	0	417296	8	0
2558.520172	0	418320	8	0
2558.803863	0	419344	8	0
2558.994537	0	420368	8	0
2559.180817	0	421392	8	0
2559.444000	0	422328	8	0
2559.529694	0	422392	8	0
2559.540192	0	423416	8	0
2559.696197	0	424440	8	0
2559.963776	0	425464	8	0
2560.150543	0	426488	8	0
2560.414703	0	427512	8	0
2560.605133	0	428536	8	0
2560.867340	0	429560	8	0
2561.060455	0	430544	8	0
2561.241363	0	430656	8	0
2561.439850	0	431680	8	0
2561.633453	0	432704	8	0
2561.899567	0	433728	8	0
2562.048004	0	434752	8	0
2562.382965	0	435776	8	0
2563.910553	0	436800	8	0
2564.826324	0	437824	8	0
2566.192291	0	438848	8	0
2566.296295	0	438888	8	0
2566.305084	0	446976	8	0
2566.354156	0	447080	8	0
2566.367828	0	448104	8	0
2566.473785	0	449128	8	0
2566.578766	0	463408	8	0
2567.827545	0	463456	8	0
2567.838776	0	464480	8	0
2567.943024	0	471624	8	0
2568.023834	0	471720	8	0
2568.036529	0	472744	8	0
2568.146637	0	473768	8	0
2568.249908	0	474792	8	0
2568.353180	0	475816	8	0
2568.459381	0	476840	8	0
2568.562653	0	477864	8	0
2568.668610	0	478888	8	0
2569.490387	0	8272	8	0
2686.362213	0	8272	8	0
3012.531158	0	213048	8	0
3012.534332	0	237936	8	0
3012.547760	0	237992	8	0
3012.581207	0	239016	8	0
3012.686188	0	239024	8	0
3012.695953	0	240048	8	0
3012.799225	0	241072	8	0
3012.907623	0	242096	8	0
3013.013824	0	243120	8	0
3013.119293	0	244144	8	0
3013.225738	0	245168	8	0
3013.334137	0	229528	8	0
3013.429352	0	229632	8	0
3013.445221	0	230656	8	0
3013.551422	0	231680	8	0
3013.658111	0	232704	8	0
3013.764069	0	232712	8	0
3013.783600	0	233736	8	0
3014.425934	0	234760	8	0
3014.534576	0	235784	8	0
3014.640289	0	236808	8	0
3014.751373	0	196664	8	0
3014.845856	0	196768	8	0
3014.861969	0	197792	8	0
3014.968903	0	198816	8	0
3015.074615	0	199840	8	0
3015.178863	0	200864	8	0
3017.340240	0	201888	8	0
3017.446442	0	202912	8	0
3017.552887	0	203936	8	0
3017.666412	0	213096	8	0
3017.763336	0	213200	8	0
3017.777496	0	214224	8	0
3017.890289	0	215248	8	0
3017.994537	0	216272	8	0
3018.099274	0	217296	8	0
3018.579498	0	218320	8	0
3018.685699	0	219344	8	0
3018.791901	0	220368	8	0
3018.896881	0	221312	8	0
3018.991608	0	221416	8	0
3019.006988	0	222440	8	0
3019.112457	0	223464	8	0
3019.317291	0	224488	8	0
3019.492096	0	225512	8	0
3021.574860	0	226536	8	0
3021.680817	0	227560	8	0
3021.785553	0	228584	8	0
3021.889557	0	237728	8	0
3021.983307	0	237848	8	0
3021.999908	0	246088	8	0
3022.014069	0	246152	8	0
3022.025299	0	247176	8	0
3022.129791	0	248200	8	0
3022.235748	0	249224	8	0
3022.340485	0	250248	8	0
3022.444488	0	251272	8	0
3022.549225	0	252296	8	0
3022.656647	0	253320	8	0
3022.764069	0	254184	8	0
3022.853424	0	255208	8	0
3023.000641	0	256232	8	0
3023.194977	0	257256	8	0
3023.381500	0	258280	8	0
3025.658111	0	259304	8	0
3025.765045	0	260328	8	0
3025.871002	0	261352	8	0
3025.975006	0	274512	8	0
3026.062408	0	274608	8	0
3026.075104	0	275632	8	0
3026.183990	0	276656	8	0
3026.289947	0	277680	8	0
3026.397125	0	278704	8	0
3026.597320	0	279728	8	0
3026.703766	0	280752	8	0
3026.809967	0	281776	8	0
3026.914947	0	282728	8	0
3027.009918	0	282912	8	0
3027.031647	0	524344	8	1
3027.660065	0	204864	8	0
3027.662750	0	221296	8	0
3027.677399	0	229512	8	0
3027.690338	0	282704	8	0
3027.697906	0	283936	8	0
3027.705963	0	284960	8	0
3027.811188	0	285984	8	0
3027.918854	0	287008	8	0
3029.985504	0	288032	8	0
3030.089752	0	289056	8	0
3030.194488	0	290080	8	0
3030.300934	0	290968	8	0
3030.393219	0	291992	8	0
3030.498444	0	293016	8	0
3030.602692	0	294040	8	0
3030.710846	0	295064	8	0
3030.816315	0	296088	8	0
3031.169342	0	297112	8	0
3031.276031	0	298136	8	0
3032.980133	0	299136	8	0
3033.083649	0	299232	8	0
3033.096100	0	300256	8	0
3033.200348	0	301280	8	0
3033.306305	0	302304	8	0
3033.411285	0	303328	8	0
3034.171051	0	304352	8	0
3034.276031	0	305376	8	0
3034.380279	0	306400	8	0
3034.484528	0	307352	8	0
3034.582916	0	307448	8	0
3034.595123	0	308472	8	0
3034.698883	0	309496	8	0
3034.804108	0	310520	8	0
3034.908111	0	311544	8	0
3035.014557	0	312568	8	0
3035.260406	0	313592	8	0
3035.447906	0	314616	8	0
3037.038238	0	315568	8	0
3037.135406	0	315752	8	0
3037.156891	0	316776	8	0
3037.262360	0	317800	8	0
3037.366608	0	318824	8	0
3037.470856	0	319848	8	0
3038.327301	0	320872	8	0
3038.431061	0	321896	8	0
3038.535797	0	322920	8	0
3038.639801	0	323864	8	0
3038.736481	0	324888	8	0
3038.840973	0	325912	8	0
3038.944244	0	326936	8	0
3039.047272	0	327960	8	0
3039.152985	0	328984	8	0
3039.256500	0	330008	8	0
3039.517486	0	331032	8	0
3039.707916	0	332056	8	0
3039.971344	0	332080	8	0
3039.980621	0	333104	8	0
3040.154938	0	334128	8	0
3040.344147	0	335152	8	0
3040.591949	0	336176	8	0
3040.783111	0	337200	8	0
3041.048981	0	338224	8	0
3041.235260	0	339248	8	0
3041.503815	0	340216	8	0
3041.690094	0	340408	8	0
3041.712555	0	341432	8	0
3041.958404	0	342456	8	0
3042.143219	0	343480	8	0
3042.331940	0	344504	8	0
3042.600006	0	345528	8	0
3042.789215	0	346552	8	0
3043.057037	0	347576	8	0
3043.241852	0	348456	8	0
3043.505279	0	348536	8	0
3043.517242	0	349560	8	0
3043.697662	0	350584	8	0
3043.960358	0	351608	8	0
3044.138580	0	352632	8	0
3044.240631	0	353656	8	0
3046.862457	0	356680	8	0
3046.965973	0	357704	8	0
3047.069733	0	358728	8	0
3047.173981	0	359752	8	0
3047.279205	0	360776	8	0
3047.381988	0	361800	8	0
3047.486236	0	362824	8	0
3047.726471	0	363848	8	0
3047.829742	0	364888	8	0
3047.927643	0	364952	8	0
3047.937653	0	365976	8	0
3048.040680	0	367000	8	0
3051.009674	0	368024	8	0
3051.127838	0	369048	8	0
3051.234283	0	370072	8	0
3051.341705	0	354680	8	0
3051.445953	0	355704	8	0
3051.548736	0	371096	8	0
3051.643707	0	372120	8	0
3051.749664	0	373104	8	0
3051.841705	0	373168	8	0
3051.852203	0	374192	8	0
3051.953278	0	375216	8	0
3052.056549	0	376240	8	0
3052.159332	0	377264	8	0
3052.261383	0	378288	8	0
3052.362945	0	379312	8	0
3052.467194	0	380336	8	0
3052.570709	0	381296	8	0
3052.666412	0	463384	8	0
3055.201569	0	471552	8	0
3055.210846	0	471600	8	0
3055.233063	0	479816	8	0
3055.244537	0	488024	8	0
3055.253082	0	488064	8	0
3055.264313	0	489088	8	0
3055.366363	0	490112	8	0
3055.467926	0	491136	8	0
3055.569733	0	492160	8	0
3055.680084	0	493184	8	0
3055.782623	0	494208	8	0
3055.884186	0	495232	8	0
3055.986969	0	496184	8	0
3056.080231	0	496344	8	0
3056.099029	0	497368	8	0
3056.199127	0	498392	8	0
3056.299957	0	499416	8	0
3056.402252	0	500440	8	0
3057.676178	0	512808	8	0
3057.780426	0	513832	8	0
3057.883453	0	514856	8	0
3057.989166	0	515880	8	0
3058.093170	0	516904	8	0
3058.196686	0	501464	8	0
3058.304840	0	502488	8	0
3058.413727	0	503512	8	0
3058.515045	0	504472	8	0
3058.611481	0	504696	8	0
3058.637115	0	505720	8	0
3058.787018	0	506744	8	0
3059.051422	0	507768	8	0
3059.238678	0	508792	8	0
3062.407867	0	509816	8	0
3062.511139	0	510840	8	0
3062.613434	0	511864	8	0
3062.715240	0	517928	8	0
3062.807526	0	518952	8	0
3062.916901	0	519976	8	0
3063.021637	0	520968	8	0
3063.123199	0	521992	8	0
3063.224762	0	523016	8	0
3063.326324	0	524040	8	0
3063.428375	0	528504	8	0
3063.461822	0	529120	8	0
3063.470123	0	537336	8	0
3063.482819	0	545552	8	0
3063.490875	0	553768	8	0
3063.508697	0	561984	8	0
3063.516998	0	563008	8	0
3063.620026	0	528512	8	0
3063.684967	0	529128	8	0
3063.748932	0	529192	8	0
3063.759674	0	537344	8	0
3063.865143	0	537408	8	0
3063.879059	0	537832	8	0
3063.925934	0	538856	8	0
3064.034820	0	539880	8	0
3066.017731	0	540904	8	0
3066.128326	0	541928	8	0
3066.236725	0	542952	8	0
3067.669830	0	543976	8	0
3067.781403	0	545000	8	0
3067.886383	0	545688	8	0
3067.939606	0	545760	8	0
3067.951569	0	546784	8	0
3068.056549	0	547808	8	0
3068.162262	0	533288	8	0
3068.279694	0	534312	8	0
3068.384674	0	535336	8	0
3068.488190	0	536360	8	0
3068.595856	0	548832	8	0
3068.688629	0	549856	8	0
3068.791901	0	550880	8	0
3069.358307	0	551904	8	0
3069.462555	0	552928	8	0
3069.569488	0	553776	8	0
3069.655914	0	554800	8	0
3070.034576	0	555824	8	0
3070.140778	0	556848	8	0
3070.244537	0	557872	8	0
3072.350738	0	558896	8	0
3072.457916	0	559920	8	0
3072.561432	0	560944	8	0
3072.664215	0	530216	8	0
3072.751861	0	531240	8	0
3072.860260	0	532264	8	0
3072.968414	0	563632	8	0
3073.075592	0	564656	8	0
3073.178375	0	565680	8	0
3074.998444	0	566192	8	0
3075.053375	0	567216	8	0
3075.156647	0	568240	8	0
3075.260162	0	569264	8	0
3075.362213	0	578416	8	0
3075.467194	0	579440	8	0
3075.569977	0	580464	8	0
3075.673492	0	581488	8	0
3077.568756	0	56	8	0
3077.571197	0	8256	8	0
3077.579986	0	12368	8	0
3077.598297	0	196760	8	0
3077.616608	0	213192	8	0
3077.624420	0	221408	8	0
3077.633209	0	229624	8	0
3077.644684	0	237840	8	0
3077.653717	0	237984	8	0
3077.661774	0	254168	8	0
3077.668610	0	270400	8	0
3077.677643	0	274592	8	0
3077.685944	0	282896	8	0
3077.693268	0	290952	8	0
3077.701569	0	299216	8	0
3077.712311	0	307432	8	0
3077.720367	0	315744	8	0
3077.729645	0	323856	8	0
3077.740387	0	332072	8	0
3077.747955	0	340400	8	0
3077.757721	0	348528	8	0
3077.767242	0	356672	8	0
3077.774811	0	364944	8	0
3077.783600	0	373160	8	0
3077.792877	0	471592	8	0
3077.803131	0	496176	8	0
3077.810944	0	496336	8	0
3077.819733	0	504688	8	0
3077.829010	0	512800	8	0
3077.839508	0	520960	8	0
3077.847076	0	524344	8	0
3077.855377	0	529184	8	0
3077.863190	0	537400	8	0
3077.874420	0	545752	8	0
3077.882233	0	566184	8	0
3188.041901	0	237744	8	0
3188.044830	0	237848	8	0
3188.087311	0	246152	8	0
3188.104889	0	247176	8	0
3188.212555	0	247184	8	0
3188.222565	0	248208	8	0
3188.330231	0	249232	8	0
3188.435699	0	250256	8	0
3188.540192	0	251280	8	0
3188.647858	0	252304	8	0
3188.752350	0	253328	8	0
3188.860260	0	282728	8	0
3189.186920	0	221312	8	0
3189.189606	0	221416	8	0
3189.203766	0	222440	8	0
3189.307281	0	223464	8	0
3189.412994	0	223472	8	0
3189.421783	0	224496	8	0
3189.526276	0	225520	8	0
3189.631256	0	226544	8	0
3189.739166	0	227568	8	0
3189.847320	0	228592	8	0
3189.954742	0	196664	8	0
3190.048248	0	196768	8	0
3190.065582	0	197792	8	0
3190.172028	0	197928	8	0
3190.189606	0	198952	8	0
3190.293610	0	199976	8	0
3190.400543	0	201000	8	0
3193.475250	0	202024	8	0
3193.580475	0	203048	8	0
3193.687408	0	204072	8	0
3193.793854	0	213048	8	0
3193.876129	0	213200	8	0
3193.895416	0	214224	8	0
3194.000397	0	215248	8	0
3194.108063	0	216272	8	0
3194.213287	0	217296	8	0
3194.319488	0	218320	8	0
3194.425934	0	219344	8	0
3194.531403	0	220368	8	0
3195.304108	0	229528	8	0
3195.398346	0	229632	8	0
3195.413483	0	230656	8	0
3195.518219	0	231680	8	0
3195.623199	0	232704	8	0
3195.729401	0	233728	8	0
3197.130279	0	234752	8	0
3197.243805	0	235776	8	0
3197.349274	0	236800	8	0
3197.454254	0	237936	8	0
3197.550934	0	237992	8	0
3197.564850	0	239016	8	0
3197.669098	0	240040	8	0
3197.774078	0	241064	8	0
3197.880768	0	242088	8	0
3199.211578	0	243112	8	0
3199.320221	0	244136	8	0
3199.426666	0	245160	8	0
3199.531891	0	274512	8	0
3199.634186	0	274608	8	0
3199.647858	0	275632	8	0
3199.754059	0	221296	8	0
3199.863434	0	229512	8	0
3199.872467	0	237728	8	0
3199.881988	0	254088	8	0
3199.890533	0	254184	8	0
3199.904694	0	255208	8	0
3200.015778	0	256232	8	0
3200.845367	0	257256	8	0
3200.953033	0	258280	8	0
3201.059723	0	259304	8	0
3201.164459	0	260328	8	0
3201.271637	0	261352	8	0
3201.376861	0	276656	8	0
3201.464752	0	277680	8	0
3201.569977	0	278704	8	0
3201.683502	0	279728	8	0
3203.006744	0	280752	8	0
3203.113190	0	204864	8	0
3203.220123	0	281776	8	0
3203.227203	0	282800	8	0
3203.325104	0	282912	8	0
3203.341461	0	283936	8	0
3204.909332	0	284960	8	0
3205.023590	0	285984	8	0
3205.131744	0	287008	8	0
3205.240387	0	288032	8	0
3205.345123	0	289056	8	0
3205.450592	0	290080	8	0
3205.553863	0	290968	8	0
3205.648102	0	291992	8	0
3205.759674	0	293016	8	0
3206.478180	0	294040	8	0
3206.635162	0	295064	8	0
3206.853180	0	296088	8	0
3206.959137	0	297112	8	0
3208.440338	0	298136	8	0
3208.544830	0	299136	8	0
3208.651764	0	299232	8	0
3208.664459	0	300256	8	0
3208.768951	0	301280	8	0
3208.879059	0	302304	8	0
3208.982574	0	303328	8	0
3209.087067	0	304352	8	0
3209.510406	0	305376	8	0
3209.618561	0	306400	8	0
3210.385651	0	307352	8	0
3210.484772	0	307448	8	0
3210.497711	0	308472	8	0
3211.451080	0	309496	8	0
3211.558746	0	310520	8	0
3211.664703	0	311544	8	0
3212.999176	0	312568	8	0
3213.107574	0	313592	8	0
3213.213287	0	314616	8	0
3213.321442	0	315568	8	0
3213.420563	0	315648	8	0
3213.434235	0	315752	8	0
3213.448639	0	316776	8	0
3213.555572	0	317800	8	0
3213.660797	0	318824	8	0
3213.765533	0	319848	8	0
3213.872467	0	320872	8	0
3213.977203	0	321896	8	0
3214.082184	0	322920	8	0
3214.191315	0	323864	8	0
3214.363922	0	324888	8	0
3214.551910	0	325912	8	0
3214.818024	0	326936	8	0
3214.993317	0	327960	8	0
3215.292633	0	328984	8	0
3215.478912	0	330008	8	0
