0 1 0.000000000 4020 R 282624 8
0 2 0.000001581 4020 R 282624 8
0 4 0.000003858 4020 RS 282624 8
0 5 0.000005462 4020 RS 282624 8
0 6 0.013163464 0 RS 282624 8
0 7 0.013359202 4020 R 286720 128
0 8 0.013360007 4020 R 286720 128
0 10 0.013361240 4020 RS 286720 128
0 11 0.013363110 4020 RS 286720 128
0 12 0.013777772 0 RS 286720 128
0 13 0.014127270 4020 R 286848 256
0 14 0.014128127 4020 R 286848 256
0 16 0.014129168 4020 RS 286848 256
0 17 0.014130926 4020 RS 286848 256
0 18 0.014379619 4020 RS 286848 256
0 19 0.014524446 4020 R 287104 256
0 20 0.014525125 4020 R 287104 256
0 22 0.014525836 4020 RS 287104 256
0 23 0.014527144 4020 RS 287104 256
0 24 0.014965859 4020 RS 287104 256
0 25 0.016191199 4020 R 287360 256
0 26 0.016191983 4020 R 287360 256
0 28 0.016192877 4020 RS 287360 256
0 29 0.016194376 4020 RS 287360 256
0 30 0.016470233 4020 RS 287360 256
0 31 0.017897234 4020 R 287616 256
0 32 0.017897993 4020 R 287616 256
0 34 0.017898859 4020 RS 287616 256
0 35 0.017900351 4020 RS 287616 256
0 36 0.018152461 4020 RS 287616 256
0 37 0.019659801 4020 R 287872 256
0 38 0.019660597 4020 R 287872 256
0 40 0.019661414 4020 RS 287872 256
0 41 0.019662888 4020 RS 287872 256
0 42 0.019859899 4020 RS 287872 256
0 43 0.021421012 4020 R 288128 256
0 44 0.021421729 4020 R 288128 256
0 46 0.021422508 4020 RS 288128 256
0 47 0.021423929 4020 RS 288128 256
0 48 0.021658155 4020 RS 288128 256
0 49 0.023220787 4020 R 288384 256
0 50 0.023221556 4020 R 288384 256
0 52 0.023222423 4020 RS 288384 256
0 53 0.023223875 4020 RS 288384 256
0 54 0.023267388 4020 RS 288384 256
0 55 0.024990229 4020 R 288640 256
0 56 0.024990975 4020 R 288640 256
0 58 0.024991756 4020 RS 288640 256
0 59 0.024993187 4020 RS 288640 256
0 60 0.025036626 4020 RS 288640 256
0 61 0.026652622 4020 R 288896 256
0 62 0.026653318 4020 R 288896 256
0 64 0.026654089 4020 RS 288896 256
0 65 0.026655584 4020 RS 288896 256
0 66 0.026699537 4020 RS 288896 256
0 67 0.028336251 4020 R 289152 256
0 68 0.028336982 4020 R 289152 256
0 70 0.028337834 4020 RS 289152 256
0 71 0.028339347 4020 RS 289152 256
0 72 0.028382491 4020 RS 289152 256
0 73 0.030041320 4020 R 289408 256
0 74 0.030042041 4020 R 289408 256
0 76 0.030042776 4020 RS 289408 256
0 77 0.030044197 4020 RS 289408 256
0 78 0.030087460 4020 RS 289408 256
0 79 0.031807423 4020 R 289664 256
0 80 0.031808216 4020 R 289664 256
0 82 0.031809119 4020 RS 289664 256
0 83 0.031810591 4020 RS 289664 256
0 84 0.031854391 4020 RS 289664 256
0 85 0.033686212 4020 R 289920 256
0 86 0.033686904 4020 R 289920 256
0 88 0.033687680 4020 RS 289920 256
0 89 0.033689104 4020 RS 289920 256
0 90 0.033732536 4020 RS 289920 256
0 91 0.035479277 4020 R 290176 256
0 92 0.035480018 4020 R 290176 256
0 94 0.035480876 4020 RS 290176 256
0 95 0.035482321 4020 RS 290176 256
0 96 0.035525820 4020 RS 290176 256
0 97 0.037166989 4020 R 290432 256
0 98 0.037167688 4020 R 290432 256
0 100 0.037168433 4020 RS 290432 256
0 101 0.037169886 4020 RS 290432 256
0 102 0.037215653 4020 RS 290432 256
0 103 0.038843260 4020 R 290688 256
0 104 0.038844001 4020 R 290688 256
0 106 0.038844746 4020 RS 290688 256
0 107 0.038846218 4020 RS 290688 256
0 108 0.038889350 4020 RS 290688 256
0 109 0.040529145 4020 R 290944 256
0 110 0.040529889 4020 R 290944 256
0 112 0.040530697 4020 RS 290944 256
0 113 0.040532190 4020 RS 290944 256
0 114 0.040575617 4020 RS 290944 256
0 115 0.042335852 4020 R 291200 256
0 116 0.042336564 4020 R 291200 256
0 118 0.042337292 4020 RS 291200 256
0 119 0.042338758 4020 RS 291200 256
0 120 0.042382024 4020 RS 291200 256
0 121 0.044012732 4020 R 291456 256
0 122 0.044013491 4020 R 291456 256
0 124 0.044014320 4020 RS 291456 256
0 125 0.044015819 4020 RS 291456 256
0 126 0.044061792 4020 RS 291456 256
0 127 0.045725484 4020 R 291712 256
0 128 0.045726179 4020 R 291712 256
0 130 0.045726949 4020 RS 291712 256
0 131 0.045728365 4020 RS 291712 256
0 132 0.045771320 4020 RS 291712 256
0 133 0.047439847 4020 R 291968 256
0 134 0.047440591 4020 R 291968 256
0 136 0.047441381 4020 RS 291968 256
0 137 0.047442804 4020 RS 291968 256
0 138 0.047485799 4020 RS 291968 256
0 139 0.049095224 4020 R 292224 256
0 140 0.049095944 4020 R 292224 256
0 142 0.049096697 4020 RS 292224 256
0 143 0.049098164 4020 RS 292224 256
0 144 0.049141364 4020 RS 292224 256
0 145 0.051125961 4020 R 292480 256
0 146 0.051126704 4020 R 292480 256
0 148 0.051127547 4020 RS 292480 256
0 149 0.051129043 4020 RS 292480 256
0 150 0.051172263 4020 RS 292480 256
0 151 0.052860330 4020 R 292736 256
0 152 0.052861045 4020 R 292736 256
0 154 0.052861839 4020 RS 292736 256
0 155 0.052863265 4020 RS 292736 256
0 156 0.052906427 4020 RS 292736 256
0 157 0.054559460 4020 R 292992 208
0 158 0.054560106 4020 R 292992 208
0 160 0.054560866 4020 RS 292992 208
0 161 0.054562219 4020 RS 292992 208
0 162 0.054598621 4020 RS 292992 208
0 163 0.056283611 4020 R 293336 8
0 164 0.056284040 4020 R 293336 8
0 166 0.056285018 4020 RS 293336 8
0 167 0.056285592 4020 RS 293336 8
0 168 0.056293546 4020 RS 293336 8
0 169 0.060782456 4020 R 293632 8
0 170 0.060782893 4020 R 293632 8
0 172 0.060783740 4020 RS 293632 8
0 173 0.060784271 4020 RS 293632 8
0 174 0.060794790 0 RS 293632 8
12 1 0.335114350 4117 R 240385736 256
12 2 0.335116761 4117 R 240385736 256
12 4 0.335120067 4117 RS 240385736 256
12 5 0.335123925 4117 RS 240385736 256
2 1 0.335670120 4109 R 14575680 256
2 2 0.335671349 4109 R 14575680 256
2 4 0.335673354 4109 RS 14575680 256
2 5 0.335676233 4109 RS 14575680 256
11 1 0.335841694 4111 R 384461536 256
11 2 0.335842824 4111 R 384461536 256
11 4 0.335844455 4111 RS 384461536 256
11 5 0.335846940 4111 RS 384461536 256
7 1 0.335940972 4120 R 329413352 256
7 2 0.335942052 4120 R 329413352 256
7 4 0.335943840 4120 RS 329413352 256
7 5 0.335946172 4120 RS 329413352 256
8 1 0.336152063 4114 R 805698992 256
8 2 0.336153058 4114 R 805698992 256
8 4 0.336154774 4114 RS 805698992 256
8 5 0.336157182 4114 RS 805698992 256
3 1 0.337166606 4124 R 209059248 256
3 2 0.337167673 4124 R 209059248 256
3 4 0.337169392 4124 RS 209059248 256
3 5 0.337171870 4124 RS 209059248 256
12 6 0.337420291 4117 R 291634608 256
12 7 0.337421290 4117 R 291634608 256
12 9 0.337422448 4117 RS 291634608 256
12 10 0.337424122 4117 RS 291634608 256
6 1 0.337601891 4118 R 182451896 256
6 2 0.337602998 4118 R 182451896 256
6 4 0.337604634 4118 RS 182451896 256
6 5 0.337607183 4118 RS 182451896 256
12 11 0.337712230 4117 RS 240385736 256
2 6 0.337764108 4109 RS 14575680 256
11 6 0.337836808 4111 RS 384461536 256
7 6 0.337895209 4120 RS 329413352 256
8 6 0.337947947 4114 RS 805698992 256
3 6 0.337952480 4124 RS 209059248 256
12 12 0.337957409 4117 RS 291634608 256
6 6 0.338003130 4118 RS 182451896 256
11 7 0.338081837 4111 R 278527408 256
11 8 0.338082741 4111 R 278527408 256
11 10 0.338083813 4111 RS 278527408 256
11 11 0.338085466 4111 RS 278527408 256
7 7 0.338174550 4120 R 751959472 256
7 8 0.338175411 4120 R 751959472 256
7 10 0.338176253 4120 RS 751959472 256
7 11 0.338177916 4120 RS 751959472 256
11 12 0.338228542 4111 RS 278527408 256
7 12 0.338285696 4120 RS 751959472 256
15 1 0.338313608 4119 R 541261488 256
15 2 0.338315290 4119 R 541261488 256
15 4 0.338317630 4119 RS 541261488 256
15 5 0.338320902 4119 RS 541261488 256
0 175 0.338409967 4112 R 280886704 256
0 176 0.338411010 4112 R 280886704 256
0 178 0.338412519 4112 RS 280886704 256
0 179 0.338414657 4112 RS 280886704 256
8 7 0.338419198 4114 R 676462000 256
8 8 0.338420022 4114 R 676462000 256
8 10 0.338420904 4114 RS 676462000 256
8 11 0.338422647 4114 RS 676462000 256
1 1 0.338442545 4122 R 903216560 256
1 2 0.338443985 4122 R 903216560 256
1 4 0.338445890 4122 RS 903216560 256
1 5 0.338448750 4122 RS 903216560 256
15 6 0.338460229 4119 RS 541261488 256
0 180 0.338537220 4112 RS 280886704 256
8 12 0.338585265 4114 RS 676462000 256
1 6 0.338623685 4122 RS 903216560 256
27 1 0.338911924 4115 R 225452760 256
27 2 0.338913628 4115 R 225452760 256
27 4 0.338915777 4115 RS 225452760 256
27 5 0.338919239 4115 RS 225452760 256
4 1 0.338957452 4110 R 559283632 256
4 2 0.338958539 4110 R 559283632 256
4 4 0.338960171 4110 RS 559283632 256
4 5 0.338962423 4110 RS 559283632 256
27 6 0.339035988 4115 RS 225452760 256
4 6 0.339149321 4110 RS 559283632 256
13 1 0.339297856 4123 R 804355296 256
13 2 0.339299462 4123 R 804355296 256
13 4 0.339301758 4123 RS 804355296 256
13 5 0.339305112 4123 RS 804355296 256
3 7 0.339404114 4124 R 602799536 256
3 8 0.339404977 4124 R 602799536 256
3 10 0.339405968 4124 RS 602799536 256
3 11 0.339407688 4124 RS 602799536 256
13 6 0.339456032 4123 RS 804355296 256
3 12 0.339518858 4124 RS 602799536 256
10 1 0.339624952 4116 R 30146408 152
10 2 0.339626022 4116 R 30146408 152
10 3 0.339630131 4116 R 30345576 104
10 4 0.339630492 4116 R 30345576 104
10 6 0.339631503 4116 RS 30146408 152
10 7 0.339631619 4116 RS 30345576 104
10 8 0.339633594 4116 RS 30146408 152
10 9 0.339635265 4116 RS 30345576 104
10 10 0.339736042 4116 RS 30146408 152
10 11 0.339782820 4116 RS 30345576 104
6 7 0.339808799 4118 R 190840680 152
6 8 0.339809603 4118 R 190840680 152
6 9 0.339812555 4118 R 190873600 104
6 10 0.339812873 4118 R 190873600 104
6 12 0.339813791 4118 RS 190840680 152
6 13 0.339813879 4118 RS 190873600 104
6 14 0.339815335 4118 RS 190840680 152
6 15 0.339816392 4118 RS 190873600 104
6 16 0.339915925 4118 RS 190840680 152
6 17 0.339982021 4118 RS 190873600 104
2 7 0.340060232 4109 R 257320896 256
2 8 0.340061121 4109 R 257320896 256
2 10 0.340062103 4109 RS 257320896 256
2 11 0.340063987 4109 RS 257320896 256
2 12 0.340193192 4109 RS 257320896 256
11 13 0.340288383 4111 R 629222496 256
11 14 0.340289301 4111 R 629222496 256
11 16 0.340290254 4111 RS 629222496 256
11 17 0.340291927 4111 RS 629222496 256
11 18 0.340398716 4111 RS 629222496 256
11 19 0.340544532 4111 R 595787440 256
11 20 0.340545330 4111 R 595787440 256
11 22 0.340546088 4111 RS 595787440 256
11 23 0.340547447 4111 RS 595787440 256
8 13 0.340638092 4114 R 154271152 256
8 14 0.340638896 4114 R 154271152 256
8 16 0.340639816 4114 RS 154271152 256
8 17 0.340641526 4114 RS 154271152 256
0 181 0.340652313 4112 R 928120240 256
0 182 0.340653169 4112 R 928120240 256
0 184 0.340654167 4112 RS 928120240 256
0 185 0.340655766 4112 RS 928120240 256
11 24 0.340657726 4111 RS 595787440 256
8 18 0.340755480 4114 RS 154271152 256
0 186 0.340801710 4112 RS 928120240 256
4 7 0.341154604 4110 R 324271976 152
4 8 0.341155368 4110 R 324271976 152
4 9 0.341157706 4110 R 324419344 104
4 10 0.341158019 4110 R 324419344 104
4 12 0.341158956 4110 RS 324271976 152
4 13 0.341159038 4110 RS 324419344 104
4 14 0.341160481 4110 RS 324271976 152
4 15 0.341161382 4110 RS 324419344 104
4 16 0.341267471 4110 RS 324271976 152
4 17 0.341306466 4110 RS 324419344 104
15 7 0.341706570 4119 R 856292784 256
15 8 0.341707825 4119 R 856292784 256
15 10 0.341709174 4119 RS 856292784 256
15 11 0.341711834 4119 RS 856292784 256
5 1 0.341765067 4121 R 314310384 256
5 2 0.341766099 4121 R 314310384 256
5 4 0.341767988 4121 RS 314310384 256
5 5 0.341770355 4121 RS 314310384 256
15 12 0.341818367 4119 RS 856292784 256
10 12 0.341821522 4116 R 762183088 256
10 13 0.341822414 4116 R 762183088 256
10 15 0.341823508 4116 RS 762183088 256
10 16 0.341825372 4116 RS 762183088 256
12 13 0.341895962 4117 R 327548336 256
12 14 0.341896861 4117 R 327548336 256
12 16 0.341897912 4117 RS 327548336 256
12 17 0.341899655 4117 RS 327548336 256
1 7 0.341916828 4122 R 954858928 256
1 8 0.341918091 4122 R 954858928 256
1 10 0.341919314 4122 RS 954858928 256
1 11 0.341921863 4122 RS 954858928 256
5 6 0.341937813 4121 RS 314310384 256
10 17 0.341984692 4116 RS 762183088 256
6 18 0.342006973 4118 R 435551664 256
6 19 0.342007765 4118 R 435551664 256
6 21 0.342008687 4118 RS 435551664 256
6 22 0.342010368 4118 RS 435551664 256
12 18 0.342051979 4117 RS 327548336 256
1 12 0.342114345 4122 RS 954858928 256
6 23 0.342139679 4118 RS 435551664 256
9 1 0.342407645 4113 R 891942848 256
9 2 0.342408803 4113 R 891942848 256
9 4 0.342410449 4113 RS 891942848 256
9 5 0.342412695 4113 RS 891942848 256
9 6 0.342533762 4113 RS 891942848 256
4 18 0.343367219 4110 R 991034800 256
4 19 0.343368034 4110 R 991034800 256
4 21 0.343369103 4110 RS 991034800 256
4 22 0.343370804 4110 RS 991034800 256
4 23 0.343490368 4110 RS 991034800 256
3 13 0.343749680 4124 R 787611056 256
3 14 0.343750730 4124 R 787611056 256
3 16 0.343751767 4124 RS 787611056 256
3 17 0.343753558 4124 RS 787611056 256
3 18 0.343909309 4124 RS 787611056 256
5 7 0.343970287 4121 R 208102920 256
5 8 0.343971108 4121 R 208102920 256
5 10 0.343972044 4121 RS 208102920 256
5 11 0.343973726 4121 RS 208102920 256
10 18 0.344043457 4116 R 478543280 256
10 19 0.344044336 4116 R 478543280 256
10 21 0.344045306 4116 RS 478543280 256
10 22 0.344046956 4116 RS 478543280 256
5 12 0.344086104 4121 RS 208102920 256
12 19 0.344132269 4117 R 213829088 256
12 20 0.344133144 4117 R 213829088 256
12 22 0.344134021 4117 RS 213829088 256
12 23 0.344135695 4117 RS 213829088 256
10 23 0.344154597 4116 RS 478543280 256
12 24 0.344240326 4117 RS 213829088 256
2 13 0.344541332 4109 R 892730800 256
2 14 0.344542142 4109 R 892730800 256
2 16 0.344543124 4109 RS 892730800 256
2 17 0.344545099 4109 RS 892730800 256
9 7 0.344647623 4113 R 442105264 256
9 8 0.344648520 4113 R 442105264 256
9 10 0.344649475 4113 RS 442105264 256
9 11 0.344651173 4113 RS 442105264 256
2 18 0.344663859 4109 RS 892730800 256
9 12 0.344759882 4113 RS 442105264 256
11 25 0.344893936 4111 R 537067184 256
11 26 0.344894861 4111 R 537067184 256
11 28 0.344895773 4111 RS 537067184 256
11 29 0.344897566 4111 RS 537067184 256
11 30 0.345022063 4111 RS 537067184 256
15 13 0.345116552 4119 R 162659760 256
15 14 0.345117813 4119 R 162659760 256
15 16 0.345119031 4119 RS 162659760 256
15 17 0.345121713 4119 RS 162659760 256
15 18 0.345231618 4119 RS 162659760 256
13 7 0.345333624 4123 R 650771888 256
13 8 0.345334923 4123 R 650771888 256
13 10 0.345336439 4123 RS 650771888 256
13 11 0.345339109 4123 RS 650771888 256
1 13 0.345367385 4122 R 906165936 256
1 14 0.345368622 4122 R 906165936 256
1 16 0.345369794 4122 RS 906165936 256
1 17 0.345372189 4122 RS 906165936 256
13 12 0.345463034 4123 RS 650771888 256
1 18 0.345513093 4122 RS 906165936 256
4 24 0.345592485 4110 R 82036176 256
4 25 0.345593337 4110 R 82036176 256
4 27 0.345594188 4110 RS 82036176 256
4 28 0.345595874 4110 RS 82036176 256
4 29 0.345707239 4110 RS 82036176 256
27 7 0.345931910 4115 R 943696832 256
27 8 0.345933436 4115 R 943696832 256
27 10 0.345935063 4115 RS 943696832 256
27 11 0.345937861 4115 RS 943696832 256
3 19 0.345951391 4124 R 939720368 256
3 20 0.345952438 4124 R 939720368 256
3 22 0.345953712 4124 RS 939720368 256
3 23 0.345956211 4124 RS 939720368 256
27 12 0.346054623 4115 RS 943696832 256
3 24 0.346122715 4124 RS 939720368 256
10 24 0.346266852 4116 R 13499824 256
10 25 0.346267679 4116 R 13499824 256
10 27 0.346268561 4116 RS 13499824 256
10 28 0.346270253 4116 RS 13499824 256
12 25 0.346326845 4117 R 278948936 256
12 26 0.346327708 4117 R 278948936 256
12 28 0.346328574 4117 RS 278948936 256
12 29 0.346330107 4117 RS 278948936 256
6 24 0.346374675 4118 R 524942768 256
6 25 0.346375554 4118 R 524942768 256
6 27 0.346376639 4118 RS 524942768 256
6 28 0.346378443 4118 RS 524942768 256
10 29 0.346394433 4116 RS 13499824 256
12 30 0.346458968 4117 RS 278948936 256
6 29 0.346510762 4118 RS 524942768 256
2 19 0.346728033 4109 R 242089392 256
2 20 0.346728869 4109 R 242089392 256
2 22 0.346729657 4109 RS 242089392 256
2 23 0.346731385 4109 RS 242089392 256
9 13 0.346832702 4113 R 27131312 256
9 14 0.346833533 4113 R 27131312 256
9 16 0.346834401 4113 RS 27131312 256
9 17 0.346836017 4113 RS 27131312 256
2 24 0.346854960 4109 RS 242089392 256
7 13 0.346909326 4120 R 313392560 256
7 14 0.346910237 4120 R 313392560 256
7 16 0.346911536 4120 RS 313392560 256
7 17 0.346913559 4120 RS 313392560 256
9 18 0.346939044 4113 RS 27131312 256
7 18 0.347071452 4120 RS 313392560 256
11 31 0.347082250 4111 R 531231592 256
11 32 0.347083139 4111 R 531231592 256
11 34 0.347084007 4111 RS 531231592 256
11 35 0.347085698 4111 RS 531231592 256
8 19 0.347220319 4114 R 100380704 256
11 36 0.347220732 4111 RS 531231592 256
8 20 0.347221179 4114 R 100380704 256
8 22 0.347222255 4114 RS 100380704 256
8 23 0.347224001 4114 RS 100380704 256
0 187 0.347262192 4112 R 433978800 256
0 188 0.347263041 4112 R 433978800 256
0 190 0.347264261 4112 RS 433978800 256
0 191 0.347266115 4112 RS 433978800 256
8 24 0.347363516 4114 RS 100380704 256
0 192 0.347425769 4112 RS 433978800 256
3 25 0.348149200 4124 R 1973688 256
3 26 0.348150024 4124 R 1973688 256
3 28 0.348151006 4124 RS 1973688 256
3 29 0.348152615 4124 RS 1973688 256
3 30 0.348261531 4124 RS 1973688 256
12 31 0.348387381 4117 R 202767784 256
12 32 0.348388216 4117 R 202767784 256
12 34 0.348389030 4117 RS 202767784 256
12 35 0.348390769 4117 RS 202767784 256
12 36 0.348499476 4117 RS 202767784 256
10 30 0.348536498 4116 R 298188208 256
10 31 0.348537377 4116 R 298188208 256
10 33 0.348538404 4116 RS 298188208 256
10 34 0.348540107 4116 RS 298188208 256
15 19 0.348540665 4119 R 879099312 256
15 20 0.348541934 4119 R 879099312 256
15 22 0.348543258 4119 RS 879099312 256
15 23 0.348545854 4119 RS 879099312 256
6 30 0.348557149 4118 R 697695664 256
6 31 0.348557963 4118 R 697695664 256
6 33 0.348558794 4118 RS 697695664 256
6 34 0.348560545 4118 RS 697695664 256
10 35 0.348660034 4116 RS 298188208 256
13 13 0.348714009 4123 R 480747792 24
13 14 0.348714727 4123 R 480747792 24
13 15 0.348726137 4123 R 480747824 224
13 16 0.348726916 4123 R 480747824 224
13 18 0.348728064 4123 RS 480747792 24
13 19 0.348728186 4123 RS 480747824 224
13 20 0.348729789 4123 RS 480747792 24
13 21 0.348731732 4123 RS 480747824 224
15 24 0.348742564 4119 RS 879099312 256
13 22 0.348793710 4123 RS 480747792 24
6 35 0.348794517 4118 RS 697695664 256
13 23 0.348868088 4123 RS 480747824 224
2 25 0.348915484 4109 R 741517368 40
2 26 0.348916026 4109 R 741517368 40
2 27 0.348922003 4109 R 741517416 208
2 28 0.348922473 4109 R 741517416 208
2 30 0.348923365 4109 RS 741517368 40
2 31 0.348923453 4109 RS 741517416 208
2 32 0.348924790 4109 RS 741517368 40
2 33 0.348926044 4109 RS 741517416 208
2 34 0.349012149 4109 RS 741517368 40
9 19 0.349022608 4113 R 227238008 256
9 20 0.349023497 4113 R 227238008 256
9 22 0.349024339 4113 RS 227238008 256
9 23 0.349026029 4113 RS 227238008 256
7 19 0.349095478 4120 R 592707416 168
7 20 0.349096207 4120 R 592707416 168
7 21 0.349099419 4120 R 593377776 88
7 22 0.349099718 4120 R 593377776 88
7 24 0.349100517 4120 RS 592707416 168
7 25 0.349100615 4120 RS 593377776 88
7 26 0.349101947 4120 RS 592707416 168
7 27 0.349103153 4120 RS 593377776 88
2 35 0.349138447 4109 RS 741517416 208
9 24 0.349158292 4113 RS 227238008 256
11 37 0.349215476 4111 R 196476336 256
11 38 0.349216322 4111 R 196476336 256
11 40 0.349217117 4111 RS 196476336 256
11 41 0.349218786 4111 RS 196476336 256
7 28 0.349223366 4120 RS 592707416 168
7 29 0.349242288 4120 RS 593377776 88
27 13 0.349307132 4115 R 674889136 256
27 14 0.349308394 4115 R 674889136 256
27 16 0.349309720 4115 RS 674889136 256
27 17 0.349312484 4115 RS 674889136 256
11 42 0.349326044 4111 RS 196476336 256
8 25 0.349389822 4114 R 105774512 256
8 26 0.349390616 4114 R 105774512 256
8 28 0.349391424 4114 RS 105774512 256
8 29 0.349393076 4114 RS 105774512 256
27 18 0.349421645 4115 RS 674889136 256
0 193 0.349455506 4112 R 899121664 256
0 194 0.349456347 4112 R 899121664 256
0 196 0.349457246 4112 RS 899121664 256
0 197 0.349458893 4112 RS 899121664 256
8 30 0.349506197 4114 RS 105774512 256
0 198 0.349616077 4112 RS 899121664 256
3 31 0.350362636 4124 R 401893136 232
3 32 0.350363469 4124 R 401893136 232
3 33 0.350364949 4124 R 401893376 16
3 34 0.350365140 4124 R 401893376 16
3 36 0.350365971 4124 RS 401893136 232
3 37 0.350366053 4124 RS 401893376 16
3 38 0.350367656 4124 RS 401893136 232
3 39 0.350368189 4124 RS 401893376 16
3 40 0.350512363 4124 RS 401893136 232
3 41 0.350543794 4124 RS 401893376 16
12 37 0.350562339 4117 R 927411384 256
12 38 0.350563229 4117 R 927411384 256
12 40 0.350564003 4117 RS 927411384 256
12 41 0.350565758 4117 RS 927411384 256
12 42 0.350667204 4117 RS 927411384 256
5 13 0.350683511 4121 R 659937240 256
5 14 0.350684431 4121 R 659937240 256
5 16 0.350685588 4121 RS 659937240 256
5 17 0.350687513 4121 RS 659937240 256
5 18 0.350838632 4121 RS 659937240 256
3 42 0.350840293 4124 R 569114472 152
3 43 0.350840918 4124 R 569114472 152
3 44 0.350843837 4124 R 569442304 104
3 45 0.350844152 4124 R 569442304 104
3 47 0.350844917 4124 RS 569114472 152
3 48 0.350844999 4124 RS 569442304 104
3 49 0.350846396 4124 RS 569114472 152
3 50 0.350847554 4124 RS 569442304 104
3 51 0.350958071 4124 RS 569114472 152
3 52 0.350978870 4124 RS 569442304 104
7 30 0.351315785 4120 R 717988200 256
7 31 0.351316605 4120 R 717988200 256
7 33 0.351317452 4120 RS 717988200 256
7 34 0.351319143 4120 RS 717988200 256
7 35 0.351442831 4120 RS 717988200 256
11 43 0.351507891 4111 R 206175664 256
11 44 0.351508754 4111 R 206175664 256
11 46 0.351509675 4111 RS 206175664 256
11 47 0.351511301 4111 RS 206175664 256
8 31 0.351569982 4114 R 993918160 256
8 32 0.351570799 4114 R 993918160 256
8 34 0.351571618 4114 RS 993918160 256
8 35 0.351573189 4114 RS 993918160 256
0 199 0.351658566 4112 R 614845368 256
0 200 0.351659421 4112 R 614845368 256
0 202 0.351660320 4112 RS 614845368 256
0 203 0.351661878 4112 RS 614845368 256
11 48 0.351665989 4111 RS 206175664 256
8 36 0.351726389 4114 RS 993918160 256
0 204 0.351764951 4112 RS 614845368 256
13 24 0.351879341 4123 R 569285632 256
13 25 0.351880604 4123 R 569285632 256
13 27 0.351881873 4123 RS 569285632 256
13 28 0.351884457 4123 RS 569285632 256
4 30 0.351933165 4110 R 718209536 256
4 31 0.351934054 4110 R 718209536 256
4 33 0.351935460 4110 RS 718209536 256
4 34 0.351937399 4110 RS 718209536 256
13 29 0.351989858 4123 RS 569285632 256
4 35 0.352057350 4110 RS 718209536 256
2 36 0.352360805 4109 R 158859112 152
2 37 0.352361522 4109 R 158859112 152
2 38 0.352364666 4109 R 159252920 104
2 39 0.352364968 4109 R 159252920 104
2 41 0.352365758 4109 RS 158859112 152
2 42 0.352365839 4109 RS 159252920 104
2 43 0.352367210 4109 RS 158859112 152
2 44 0.352368250 4109 RS 159252920 104
2 45 0.352471500 4109 RS 158859112 152
2 46 0.352518773 4109 RS 159252920 104
5 19 0.352734496 4121 R 716850664 256
5 20 0.352735326 4121 R 716850664 256
5 22 0.352736260 4121 RS 716850664 256
5 23 0.352737866 4121 RS 716850664 256
12 43 0.352786346 4117 R 253885872 256
12 44 0.352787225 4117 R 253885872 256
12 46 0.352788058 4117 RS 253885872 256
12 47 0.352789702 4117 RS 253885872 256
27 19 0.352813614 4115 R 479329712 256
27 20 0.352814849 4115 R 479329712 256
27 22 0.352816076 4115 RS 479329712 256
27 23 0.352818552 4115 RS 479329712 256
5 24 0.352892710 4121 RS 716850664 256
6 36 0.352934693 4118 R 815398264 256
6 37 0.352935564 4118 R 815398264 256
6 39 0.352936551 4118 RS 815398264 256
6 40 0.352938254 4118 RS 815398264 256
12 48 0.352955631 4117 RS 253885872 256
27 24 0.352983132 4115 RS 479329712 256
6 41 0.353051692 4118 RS 815398264 256
0 205 0.353859525 4112 R 246406216 256
0 206 0.353860349 4112 R 246406216 256
0 208 0.353861243 4112 RS 246406216 256
0 209 0.353862818 4112 RS 246406216 256
0 210 0.353978580 4112 RS 246406216 256
2 47 0.354567635 4109 R 638975408 256
2 48 0.354568456 4109 R 638975408 256
2 50 0.354569326 4109 RS 638975408 256
2 51 0.354571079 4109 RS 638975408 256
9 25 0.354652456 4113 R 480640432 256
9 26 0.354653366 4113 R 480640432 256
9 28 0.354654360 4113 RS 480640432 256
9 29 0.354656061 4113 RS 480640432 256
2 52 0.354711750 4109 RS 638975408 256
9 30 0.354768786 4113 RS 480640432 256
15 25 0.355340402 4119 R 855244208 256
15 26 0.355341665 4119 R 855244208 256
15 28 0.355343291 4119 RS 855244208 256
15 29 0.355345928 4119 RS 855244208 256
13 30 0.355430749 4123 R 552730040 256
13 31 0.355432062 4123 R 552730040 256
13 33 0.355433273 4123 RS 552730040 256
13 34 0.355435715 4123 RS 552730040 256
15 30 0.355461695 4119 RS 855244208 256
13 35 0.355537065 4123 RS 552730040 256
5 25 0.355555577 4121 R 397802928 256
5 26 0.355556377 4121 R 397802928 256
5 28 0.355557421 4121 RS 397802928 256
5 29 0.355559031 4121 RS 397802928 256
5 30 0.355686276 4121 RS 397802928 256
11 49 0.355871732 4111 R 157416880 256
11 50 0.355872605 4111 R 157416880 256
11 52 0.355873493 4111 RS 157416880 256
11 53 0.355875205 4111 RS 157416880 256
8 37 0.355928647 4114 R 245759408 256
8 38 0.355929529 4114 R 245759408 256
8 40 0.355930622 4114 RS 245759408 256
8 41 0.355932298 4114 RS 245759408 256
11 54 0.355992697 4111 RS 157416880 256
8 42 0.356043307 4114 RS 245759408 256
3 53 0.356156540 4124 R 535166384 256
3 54 0.356157362 4124 R 535166384 256
3 56 0.356158434 4124 RS 535166384 256
3 57 0.356160370 4124 RS 535166384 256
27 25 0.356181016 4115 R 524680624 256
27 26 0.356182307 4115 R 524680624 256
27 28 0.356183533 4115 RS 524680624 256
27 29 0.356186018 4115 RS 524680624 256
3 58 0.356282391 4124 RS 535166384 256
27 30 0.356345225 4115 RS 524680624 256
2 53 0.356784559 4109 R 91183288 256
2 54 0.356785366 4109 R 91183288 256
2 56 0.356786243 4109 RS 91183288 256
2 57 0.356787877 4109 RS 91183288 256
9 31 0.356877102 4113 R 925302152 256
9 32 0.356878141 4113 R 925302152 256
9 34 0.356878967 4113 RS 925302152 256
9 35 0.356880567 4113 RS 925302152 256
2 58 0.356939852 4109 RS 91183288 256
7 36 0.356967986 4120 R 159101000 256
7 37 0.356968878 4120 R 159101000 256
7 39 0.356969779 4120 RS 159101000 256
7 40 0.356971605 4120 RS 159101000 256
9 36 0.357007172 4113 RS 925302152 256
7 41 0.357107350 4120 RS 159101000 256
12 49 0.357153412 4117 R 89253288 256
12 50 0.357154327 4117 R 89253288 256
12 52 0.357155387 4117 RS 89253288 256
12 53 0.357157272 4117 RS 89253288 256
10 36 0.357245190 4116 R 921042344 256
10 37 0.357246101 4116 R 921042344 256
10 39 0.357247208 4116 RS 921042344 256
10 40 0.357249143 4116 RS 921042344 256
12 54 0.357284058 4117 RS 89253288 256
10 41 0.357356557 4116 RS 921042344 256
5 31 0.357773037 4121 R 318968 256
5 32 0.357773873 4121 R 318968 256
5 34 0.357774751 4121 RS 318968 256
5 35 0.357776314 4121 RS 318968 256
5 36 0.357930700 4121 RS 318968 256
11 55 0.358055402 4111 R 471858800 256
11 56 0.358056245 4111 R 471858800 256
11 58 0.358057106 4111 RS 471858800 256
11 59 0.358058785 4111 RS 471858800 256
11 60 0.358211683 4111 RS 471858800 256
13 36 0.358850135 4123 R 156939176 256
13 37 0.358851390 4123 R 156939176 256
13 39 0.358852553 4123 RS 156939176 256
13 40 0.358855012 4123 RS 156939176 256
9 37 0.358937546 4113 R 651658728 256
9 38 0.358938411 4113 R 651658728 256
9 40 0.358939260 4113 RS 651658728 256
9 41 0.358940846 4113 RS 651658728 256
13 41 0.358982077 4123 RS 156939176 256
9 42 0.359045356 4113 RS 651658728 256
6 42 0.359509660 4118 R 291241824 160
6 43 0.359510417 4118 R 291241824 160
6 44 0.359513593 4118 R 291373496 96
6 45 0.359513883 4118 R 291373496 96
6 47 0.359514706 4118 RS 291241824 160
6 48 0.359514800 4118 RS 291373496 96
6 49 0.359516245 4118 RS 291241824 160
6 50 0.359517189 4118 RS 291373496 96
27 31 0.359568767 4115 R 517996280 256
27 32 0.359570097 4115 R 517996280 256
27 34 0.359571278 4115 RS 517996280 256
27 35 0.359573634 4115 RS 517996280 256
6 51 0.359620993 4118 RS 291241824 160
6 52 0.359663120 4118 RS 291373496 96
27 36 0.359715165 4115 RS 517996280 256
11 61 0.360261748 4111 R 410123696 256
11 62 0.360262646 4111 R 410123696 256
11 64 0.360263484 4111 RS 410123696 256
11 65 0.360265041 4111 RS 410123696 256
11 66 0.360417705 4111 RS 410123696 256
5 37 0.360441866 4121 R 919993776 256
5 38 0.360442684 4121 R 919993776 256
5 40 0.360443686 4121 RS 919993776 256
5 41 0.360445360 4121 RS 919993776 256
5 42 0.360566489 4121 RS 919993776 256
2 59 0.360690000 4109 R 370611080 256
2 60 0.360690866 4109 R 370611080 256
2 62 0.360691713 4109 RS 370611080 256
2 63 0.360693342 4109 RS 370611080 256
2 64 0.360802699 4109 RS 370611080 256
8 43 0.361076396 4114 R 829291952 256
8 44 0.361077221 4114 R 829291952 256
8 46 0.361078116 4114 RS 829291952 256
8 47 0.361079909 4114 RS 829291952 256
9 43 0.361118758 4113 R 170130648 256
9 44 0.361119604 4113 R 170130648 256
9 46 0.361120419 4113 RS 170130648 256
9 47 0.361122033 4113 RS 170130648 256
8 48 0.361237222 4114 RS 829291952 256
9 48 0.361314807 4113 RS 170130648 256
7 42 0.361349617 4120 R 264765288 152
7 43 0.361350362 4120 R 264765288 152
7 44 0.361353518 4120 R 264896952 104
7 45 0.361353840 4120 R 264896952 104
7 47 0.361354634 4120 RS 264765288 152
7 48 0.361354727 4120 RS 264896952 104
7 49 0.361356132 4120 RS 264765288 152
7 50 0.361357100 4120 RS 264896952 104
7 51 0.361457197 4120 RS 264765288 152
7 52 0.361499554 4120 RS 264896952 104
10 42 0.361598776 4116 R 175242672 256
10 43 0.361599650 4116 R 175242672 256
10 45 0.361600631 4116 RS 175242672 256
10 46 0.361602377 4116 RS 175242672 256
10 47 0.361721203 4116 RS 175242672 256
2 65 0.362330731 4109 R 103939496 256
2 66 0.362331528 4109 R 103939496 256
2 68 0.362332334 4109 RS 103939496 256
2 69 0.362333910 4109 RS 103939496 256
2 70 0.362441387 4109 RS 103939496 256
0 211 0.362599051 4112 R 974257584 256
0 212 0.362600095 4112 R 974257584 256
0 214 0.362601041 4112 RS 974257584 256
0 215 0.362603221 4112 RS 974257584 256
0 216 0.362757793 4112 RS 974257584 256
4 36 0.362840965 4110 R 927279872 256
4 37 0.362841918 4110 R 927279872 256
4 39 0.362843245 4110 RS 927279872 256
4 40 0.362845188 4110 RS 927279872 256
4 41 0.362955408 4110 RS 927279872 256
8 49 0.363269363 4114 R 642645424 256
8 50 0.363270174 4114 R 642645424 256
8 52 0.363271022 4114 RS 642645424 256
8 53 0.363272653 4114 RS 642645424 256
9 49 0.363300159 4113 R 526909216 224
9 50 0.363300944 4113 R 526909216 224
9 51 0.363302270 4113 R 511312760 32
9 52 0.363302475 4113 R 511312760 32
9 54 0.363303368 4113 RS 511312760 32
9 55 0.363303455 4113 RS 526909216 224
9 56 0.363304698 4113 RS 511312760 32
9 57 0.363305859 4113 RS 526909216 224
8 54 0.363416870 4114 RS 642645424 256
9 58 0.363466833 4113 RS 511312760 32
9 59 0.363512085 4113 RS 526909216 224
7 53 0.363533389 4120 R 969932632 168
7 54 0.363534137 4120 R 969932632 168
7 55 0.363536758 4120 R 970064312 88
7 56 0.363537053 4120 R 970064312 88
7 58 0.363537818 4120 RS 969932632 168
7 59 0.363537891 4120 RS 970064312 88
7 60 0.363539291 4120 RS 969932632 168
7 61 0.363540098 4120 RS 970064312 88
6 53 0.363614120 4118 R 722337200 256
6 54 0.363614966 4118 R 722337200 256
6 56 0.363615906 4118 RS 722337200 256
6 57 0.363617761 4118 RS 722337200 256
7 62 0.363639425 4120 RS 969932632 168
12 55 0.363649652 4117 R 301989736 152
12 56 0.363650497 4117 R 301989736 152
12 57 0.363654050 4117 R 302187200 104
12 58 0.363654358 4117 R 302187200 104
12 60 0.363655304 4117 RS 301989736 152
12 61 0.363655401 4117 RS 302187200 104
12 62 0.363656968 4117 RS 301989736 152
12 63 0.363658056 4117 RS 302187200 104
7 63 0.363719061 4120 RS 970064312 88
6 58 0.363815284 4118 RS 722337200 256
12 64 0.363854169 4117 RS 301989736 152
12 65 0.363885136 4117 RS 302187200 104
0 217 0.364817143 4112 R 941096784 176
0 218 0.364817854 4112 R 941096784 176
0 219 0.364820297 4112 R 941228472 80
0 220 0.364820578 4112 R 941228472 80
0 222 0.364821396 4112 RS 941096784 176
0 223 0.364821494 4112 RS 941228472 80
0 224 0.364822925 4112 RS 941096784 176
0 225 0.364823732 4112 RS 941228472 80
0 226 0.364936014 4112 RS 941096784 176
0 227 0.364969466 4112 RS 941228472 80
8 55 0.365477416 4114 R 37486440 152
8 56 0.365478066 4114 R 37486440 152
8 57 0.365481060 4114 R 37618104 104
8 58 0.365481397 4114 R 37618104 104
8 60 0.365482188 4114 RS 37486440 152
8 61 0.365482269 4114 RS 37618104 104
8 62 0.365483623 4114 RS 37486440 152
8 63 0.365484574 4114 RS 37618104 104
8 64 0.365589381 4114 RS 37486440 152
1 19 0.365592914 4122 R 171966304 160
1 20 0.365594018 4122 R 171966304 160
1 21 0.365599619 4122 R 172163768 96
1 22 0.365600106 4122 R 172163768 96
1 24 0.365601272 4122 RS 171966304 160
1 25 0.365601410 4122 RS 172163768 96
1 26 0.365603655 4122 RS 171966304 160
1 27 0.365605132 4122 RS 172163768 96
8 65 0.365676564 4114 RS 37618104 104
1 28 0.365704750 4122 RS 171966304 160
1 29 0.365777892 4122 RS 172163768 96
12 66 0.365847709 4117 R 630718312 152
12 67 0.365848471 4117 R 630718312 152
12 68 0.365851604 4117 R 630816768 104
12 69 0.365851906 4117 R 630816768 104
12 71 0.365852687 4117 RS 630718312 152
12 72 0.365852757 4117 RS 630816768 104
12 73 0.365854168 4117 RS 630718312 152
12 74 0.365854998 4117 RS 630816768 104
12 75 0.365959322 4117 RS 630718312 152
12 76 0.366032327 4117 RS 630816768 104
4 42 0.366347059 4110 R 470154672 256
4 43 0.366347926 4110 R 470154672 256
4 45 0.366348829 4110 RS 470154672 256
4 46 0.366350475 4110 RS 470154672 256
4 47 0.366493707 4110 RS 470154672 256
3 59 0.366576998 4124 R 831651248 256
3 60 0.366577874 4124 R 831651248 256
3 62 0.366579113 4124 RS 831651248 256
3 63 0.366581198 4124 RS 831651248 256
3 64 0.366684809 4124 RS 831651248 256
2 71 0.366691994 4109 R 998407728 256
2 72 0.366692830 4109 R 998407728 256
2 74 0.366693716 4109 RS 998407728 256
2 75 0.366695482 4109 RS 998407728 256
2 76 0.366851458 4109 RS 998407728 256
5 43 0.367036974 4121 R 682229160 256
5 44 0.367037919 4121 R 682229160 256
5 46 0.367039079 4121 RS 682229160 256
5 47 0.367040908 4121 RS 682229160 256
5 48 0.367146775 4121 RS 682229160 256
9 60 0.367725974 4113 R 69897256 256
9 61 0.367726861 4113 R 69897256 256
9 63 0.367727852 4113 RS 69897256 256
9 64 0.367729580 4113 RS 69897256 256
8 66 0.367730028 4114 R 504869968 256
8 67 0.367730823 4114 R 504869968 256
8 69 0.367731656 4114 RS 504869968 256
8 70 0.367733286 4114 RS 504869968 256
9 65 0.367848243 4113 RS 69897256 256
8 71 0.367924670 4114 RS 504869968 256
6 59 0.367940818 4118 R 714997168 256
6 60 0.367941692 4118 R 714997168 256
6 62 0.367942595 4118 RS 714997168 256
6 63 0.367944211 4118 RS 714997168 256
6 64 0.368052043 4118 RS 714997168 256
12 77 0.368108967 4117 R 949470656 256
12 78 0.368109842 4117 R 949470656 256
12 80 0.368110816 4117 RS 949470656 256
12 81 0.368112704 4117 RS 949470656 256
15 31 0.368142274 4119 R 489553328 256
15 32 0.368143549 4119 R 489553328 256
15 34 0.368145124 4119 RS 489553328 256
15 35 0.368148111 4119 RS 489553328 256
12 82 0.368237680 4117 RS 949470656 256
15 36 0.368313869 4119 RS 489553328 256
4 48 0.368550096 4110 R 787348912 256
4 49 0.368550965 4110 R 787348912 256
4 51 0.368551892 4110 RS 787348912 256
4 52 0.368553545 4110 RS 787348912 256
4 53 0.368667454 4110 RS 787348912 256
11 67 0.369007473 4111 R 509476272 256
11 68 0.369008396 4111 R 509476272 256
11 70 0.369009936 4111 RS 509476272 256
11 71 0.369011885 4111 RS 509476272 256
1 30 0.369032857 4122 R 431881648 256
1 31 0.369034132 4122 R 431881648 256
1 33 0.369035326 4122 RS 431881648 256
1 34 0.369037871 4122 RS 431881648 256
11 72 0.369169750 4111 RS 509476272 256
1 35 0.369203827 4122 RS 431881648 256
5 49 0.369241204 4121 R 384302952 152
5 50 0.369241932 4121 R 384302952 152
5 51 0.369245221 4121 R 384434616 104
5 52 0.369245548 4121 R 384434616 104
5 54 0.369246371 4121 RS 384302952 152
5 55 0.369246454 4121 RS 384434616 104
5 56 0.369247864 4121 RS 384302952 152
5 57 0.369248828 4121 RS 384434616 104
5 58 0.369347509 4121 RS 384302952 152
5 59 0.369394476 4121 RS 384434616 104
27 37 0.369636767 4115 R 62382816 256
27 38 0.369638141 4115 R 62382816 256
27 40 0.369639688 4115 RS 62382816 256
27 41 0.369642669 4115 RS 62382816 256
27 42 0.369793416 4115 RS 62382816 256
9 66 0.369969859 4113 R 74970272 256
9 67 0.369970701 4113 R 74970272 256
9 69 0.369971524 4113 RS 74970272 256
9 70 0.369973132 4113 RS 74970272 256
9 71 0.370083202 4113 RS 74970272 256
6 65 0.370262903 4118 R 697171376 256
6 66 0.370263751 4118 R 697171376 256
6 68 0.370264632 4118 RS 697171376 256
6 69 0.370266258 4118 RS 697171376 256
10 48 0.370336262 4116 R 327810480 256
10 49 0.370337183 4116 R 327810480 256
10 51 0.370338492 4116 RS 327810480 256
10 52 0.370340360 4116 RS 327810480 256
6 70 0.370398959 4118 RS 697171376 256
10 53 0.370467851 4116 RS 327810480 256
4 54 0.370733533 4110 R 442629552 256
4 55 0.370734360 4110 R 442629552 256
4 57 0.370735233 4110 RS 442629552 256
4 58 0.370736975 4110 RS 442629552 256
4 59 0.370849099 4110 RS 442629552 256
3 65 0.370929843 4124 R 650607712 256
3 66 0.370930702 4124 R 650607712 256
3 68 0.370931731 4124 RS 650607712 256
3 69 0.370933450 4124 RS 650607712 256
3 70 0.371071389 4124 RS 650607712 256
2 77 0.371176336 4109 R 891027296 160
2 78 0.371177011 4109 R 891027296 160
2 79 0.371179786 4109 R 891158976 96
2 80 0.371180098 4109 R 891158976 96
2 82 0.371180816 4109 RS 891027296 160
2 83 0.371180907 4109 RS 891158976 96
2 84 0.371182423 4109 RS 891027296 160
2 85 0.371183448 4109 RS 891158976 96
2 86 0.371290540 4109 RS 891027296 160
2 87 0.371311356 4109 RS 891158976 96
0 228 0.371410133 4112 R 142802608 256
0 229 0.371410997 4112 R 142802608 256
0 231 0.371412001 4112 RS 142802608 256
0 232 0.371413920 4112 RS 142802608 256
5 60 0.371443621 4121 R 532413928 256
5 61 0.371444467 4121 R 532413928 256
5 63 0.371445312 4121 RS 532413928 256
5 64 0.371447018 4121 RS 532413928 256
15 37 0.371513018 4119 R 579010224 256
15 38 0.371514271 4119 R 579010224 256
15 40 0.371515498 4119 RS 579010224 256
15 41 0.371518022 4119 RS 579010224 256
0 233 0.371577272 4112 RS 142802608 256
15 42 0.371643218 4119 RS 579010224 256
5 65 0.371645606 4121 RS 532413928 256
9 72 0.372185734 4113 R 54132144 256
9 73 0.372186590 4113 R 54132144 256
9 75 0.372187401 4113 RS 54132144 256
9 76 0.372189068 4113 RS 54132144 256
7 64 0.372224530 4120 R 458620328 256
7 65 0.372225432 4120 R 458620328 256
7 67 0.372226661 4120 RS 458620328 256
7 68 0.372228569 4120 RS 458620328 256
9 77 0.372306681 4113 RS 54132144 256
13 42 0.372342600 4123 R 462814640 256
13 43 0.372343930 4123 R 462814640 256
13 45 0.372345792 4123 RS 462814640 256
13 46 0.372348547 4123 RS 462814640 256
7 69 0.372368954 4120 RS 458620328 256
13 47 0.372466483 4123 RS 462814640 256
12 83 0.372477646 4117 R 110886616 256
12 84 0.372478607 4117 R 110886616 256
12 86 0.372479539 4117 RS 110886616 256
12 87 0.372481353 4117 RS 110886616 256
10 54 0.372529788 4116 R 48728656 256
10 55 0.372530638 4116 R 48728656 256
10 57 0.372531560 4116 RS 48728656 256
10 58 0.372533192 4116 RS 48728656 256
12 88 0.372629104 4117 RS 110886616 256
10 59 0.372687716 4116 RS 48728656 256
27 43 0.372818326 4115 R 507707048 256
27 44 0.372819635 4115 R 507707048 256
27 46 0.372820892 4115 RS 507707048 256
27 47 0.372823566 4115 RS 507707048 256
4 60 0.372922561 4110 R 446693200 176
4 61 0.372923317 4110 R 446693200 176
4 62 0.372925969 4110 R 447087032 80
4 63 0.372926276 4110 R 447087032 80
4 65 0.372927108 4110 RS 446693200 176
4 66 0.372927190 4110 RS 447087032 80
4 67 0.372928683 4110 RS 446693200 176
4 68 0.372929544 4110 RS 447087032 80
27 48 0.372965010 4115 RS 507707048 256
4 69 0.373031616 4110 RS 446693200 176
4 70 0.373073723 4110 RS 447087032 80
11 73 0.373230099 4111 R 885390760 256
11 74 0.373231021 4111 R 885390760 256
11 76 0.373231886 4111 RS 885390760 256
11 77 0.373233642 4111 RS 885390760 256
2 88 0.373369127 4109 R 424148840 152
2 89 0.373369828 4109 R 424148840 152
2 90 0.373372692 4109 R 424293632 104
2 91 0.373372996 4109 R 424293632 104
2 93 0.373373757 4109 RS 424148840 152
2 94 0.373373828 4109 RS 424293632 104
2 95 0.373375154 4109 RS 424148840 152
2 96 0.373375986 4109 RS 424293632 104
11 78 0.373385331 4111 RS 885390760 256
2 97 0.373468058 4109 RS 424148840 152
2 98 0.373515919 4109 RS 424293632 104
0 234 0.373613783 4112 R 144309680 256
0 235 0.373614596 4112 R 144309680 256
0 237 0.373615424 4112 RS 144309680 256
0 238 0.373617089 4112 RS 144309680 256
5 66 0.373619283 4121 R 598736744 152
5 67 0.373619927 4121 R 598736744 152
5 68 0.373622897 4121 R 598908264 104
5 69 0.373623217 4121 R 598908264 104
5 71 0.373623935 4121 RS 598736744 152
5 72 0.373624016 4121 RS 598908264 104
5 73 0.373625315 4121 RS 598736744 152
5 74 0.373626149 4121 RS 598908264 104
0 239 0.373716721 4112 RS 144309680 256
5 75 0.373775438 4121 RS 598736744 152
5 76 0.373815407 4121 RS 598908264 104
8 72 0.374324122 4114 R 361889200 256
8 73 0.374325007 4114 R 361889200 256
8 75 0.374326126 4114 RS 361889200 256
8 76 0.374327870 4114 RS 361889200 256
9 78 0.374398053 4113 R 605552424 216
9 79 0.374398833 4113 R 605552424 216
9 80 0.374400036 4113 R 605947104 40
9 81 0.374400254 4113 R 605947104 40
9 83 0.374401190 4113 RS 605552424 216
9 84 0.374401272 4113 RS 605947104 40
9 85 0.374402868 4113 RS 605552424 216
9 86 0.374403613 4113 RS 605947104 40
8 77 0.374466500 4114 RS 361889200 256
9 87 0.374513066 4113 RS 605552424 216
9 88 0.374541650 4113 RS 605947104 40
6 71 0.374627917 4118 R 861091384 256
6 72 0.374628793 4118 R 861091384 256
6 74 0.374629773 4118 RS 861091384 256
6 75 0.374631625 4118 RS 861091384 256
6 76 0.374744498 4118 RS 861091384 256
10 60 0.374746592 4116 R 514457008 256
10 61 0.374747465 4116 R 514457008 256
10 63 0.374748301 4116 RS 514457008 256
10 64 0.374749984 4116 RS 514457008 256
3 71 0.374783831 4124 R 331120568 24
3 72 0.374784388 4124 R 331120568 24
3 73 0.374791104 4124 R 331120600 224
3 74 0.374791569 4124 R 331120600 224
3 76 0.374792391 4124 RS 331120568 24
3 77 0.374792481 4124 RS 331120600 224
3 78 0.374793799 4124 RS 331120568 24
3 79 0.374795045 4124 RS 331120600 224
10 65 0.374860617 4116 RS 514457008 256
3 80 0.374872662 4124 RS 331120568 24
3 81 0.374972524 4124 RS 331120600 224
4 71 0.375132490 4110 R 232914352 256
4 72 0.375133332 4110 R 232914352 256
4 74 0.375134193 4110 RS 232914352 256
4 75 0.375135918 4110 RS 232914352 256
4 76 0.375294077 4110 RS 232914352 256
3 82 0.375372013 4124 R 717126360 256
3 83 0.375372825 4124 R 717126360 256
3 85 0.375373728 4124 RS 717126360 256
3 86 0.375375413 4124 RS 717126360 256
11 79 0.375452596 4111 R 473038256 256
11 80 0.375453482 4111 R 473038256 256
11 82 0.375454374 4111 RS 473038256 256
11 83 0.375456118 4111 RS 473038256 256
3 87 0.375483958 4124 RS 717126360 256
11 84 0.375560301 4111 RS 473038256 256
2 99 0.375582254 4109 R 527433568 160
2 100 0.375582949 4109 R 527433568 160
2 101 0.375585164 4109 R 527868816 96
2 102 0.375585455 4109 R 527868816 96
2 104 0.375586190 4109 RS 527433568 160
2 105 0.375586258 4109 RS 527868816 96
2 106 0.375587647 4109 RS 527433568 160
2 107 0.375588487 4109 RS 527868816 96
2 108 0.375701028 4109 RS 527433568 160
13 48 0.375734497 4123 R 468559224 192
13 49 0.375735629 4123 R 468559224 192
13 50 0.375739045 4123 R 468559424 56
13 51 0.375739430 4123 R 468559424 56
13 53 0.375740599 4123 RS 468559224 192
13 54 0.375740710 4123 RS 468559424 56
2 109 0.375742770 4109 RS 527868816 96
13 55 0.375743282 4123 RS 468559224 192
13 56 0.375744376 4123 RS 468559424 56
1 36 0.375782846 4122 R 825241032 256
1 37 0.375784142 4122 R 825241032 256
1 39 0.375785567 4122 RS 825241032 256
1 40 0.375788209 4122 RS 825241032 256
13 57 0.375853813 4123 RS 468559224 192
0 240 0.375876202 4112 R 312868272 256
0 241 0.375877030 4112 R 312868272 256
0 243 0.375877938 4112 RS 312868272 256
0 244 0.375879614 4112 RS 312868272 256
13 58 0.375964401 4123 RS 468559424 56
1 41 0.376032049 4122 RS 825241032 256
0 245 0.376064044 4112 RS 312868272 256
27 49 0.376150315 4115 R 289786928 256
27 50 0.376151185 4115 R 289786928 256
27 52 0.376152440 4115 RS 289786928 256
27 53 0.376154287 4115 RS 289786928 256
27 54 0.376262252 4115 RS 289786928 256
8 78 0.376549398 4114 R 675479216 256
8 79 0.376550227 4114 R 675479216 256
8 81 0.376551045 4114 RS 675479216 256
8 82 0.376552680 4114 RS 675479216 256
8 83 0.376652016 4114 RS 675479216 256
12 89 0.376921669 4117 R 782630320 256
12 90 0.376922594 4117 R 782630320 256
12 92 0.376923510 4117 RS 782630320 256
12 93 0.376925207 4117 RS 782630320 256
12 94 0.377039662 4117 RS 782630320 256
4 77 0.377329861 4110 R 667118560 256
4 78 0.377330683 4110 R 667118560 256
4 80 0.377331551 4110 RS 667118560 256
4 81 0.377333211 4110 RS 667118560 256
4 82 0.377433958 4110 RS 667118560 256
11 85 0.377647935 4111 R 864550728 184
11 86 0.377648708 4111 R 864550728 184
11 87 0.377650975 4111 R 864682432 72
11 88 0.377651236 4111 R 864682432 72
11 90 0.377652142 4111 RS 864550728 184
11 91 0.377652242 4111 RS 864682432 72
11 92 0.377653709 4111 RS 864550728 184
11 93 0.377654533 4111 RS 864682432 72
11 94 0.377782668 4111 RS 864682432 72
11 95 0.377793946 4111 RS 864550728 184
7 70 0.377873477 4120 R 859831952 256
7 71 0.377874380 4120 R 859831952 256
7 73 0.377875318 4120 RS 859831952 256
7 74 0.377877027 4120 RS 859831952 256
7 75 0.377993935 4120 RS 859831952 256
5 77 0.378021732 4121 R 44670560 256
5 78 0.378022583 4121 R 44670560 256
5 80 0.378023535 4121 RS 44670560 256
5 81 0.378025178 4121 RS 44670560 256
5 82 0.378181742 4121 RS 44670560 256
15 43 0.378245510 4119 R 609090992 256
15 44 0.378246817 4119 R 609090992 256
15 46 0.378248332 4119 RS 609090992 256
15 47 0.378251097 4119 RS 609090992 256
15 48 0.378359881 4119 RS 609090992 256
13 59 0.378855482 4123 R 757445992 256
13 60 0.378856825 4123 R 757445992 256
13 62 0.378857998 4123 RS 757445992 256
13 63 0.378860543 4123 RS 757445992 256
13 64 0.378973815 4123 RS 757445992 256
2 110 0.379004545 4109 R 982908336 256
2 111 0.379005332 4109 R 982908336 256
2 113 0.379006147 4109 RS 982908336 256
2 114 0.379008017 4109 RS 982908336 256
2 115 0.379160898 4109 RS 982908336 256
4 83 0.379523298 4110 R 469630384 256
4 84 0.379524129 4110 R 469630384 256
4 86 0.379525031 4110 RS 469630384 256
4 87 0.379526668 4110 RS 469630384 256
4 88 0.379621613 4110 RS 469630384 256
27 55 0.379677138 4115 R 510511944 256
27 56 0.379678429 4115 R 510511944 256
27 58 0.379679686 4115 RS 510511944 256
27 59 0.379682276 4115 RS 510511944 256
27 60 0.379801407 4115 RS 510511944 256
8 84 0.380959384 4114 R 284416208 176
8 85 0.380960118 4114 R 284416208 176
8 86 0.380962531 4114 R 284416392 72
8 87 0.380962795 4114 R 284416392 72
8 89 0.380963554 4114 RS 284416208 176
8 90 0.380963634 4114 RS 284416392 72
8 91 0.380965031 4114 RS 284416208 176
8 92 0.380965984 4114 RS 284416392 72
8 93 0.381062442 4114 RS 284416208 176
8 94 0.381109634 4114 RS 284416392 72
2 116 0.381226389 4109 R 410362824 256
2 117 0.381227185 4109 R 410362824 256
2 119 0.381228020 4109 RS 410362824 256
2 120 0.381229700 4109 RS 410362824 256
2 121 0.381337181 4109 RS 410362824 256
3 88 0.381979869 4124 R 315028568 256
3 89 0.381980720 4124 R 315028568 256
3 91 0.381981777 4124 RS 315028568 256
3 92 0.381983943 4124 RS 315028568 256
11 96 0.382024821 4111 R 682098384 256
11 97 0.382025718 4111 R 682098384 256
11 99 0.382026685 4111 RS 682098384 256
11 100 0.382028478 4111 RS 682098384 256
3 93 0.382098646 4124 RS 315028568 256
11 101 0.382194831 4111 RS 682098384 256
0 246 0.382496727 4112 R 244055896 168
0 247 0.382497559 4112 R 244055896 168
0 248 0.382500458 4112 R 244187584 88
0 249 0.382500747 4112 R 244187584 88
0 251 0.382501607 4112 RS 244055896 168
0 252 0.382501688 4112 RS 244187584 88
0 253 0.382503161 4112 RS 244055896 168
0 254 0.382504135 4112 RS 244187584 88
0 255 0.382603310 4112 RS 244055896 168
0 256 0.382617518 4112 RS 244187584 88
1 42 0.382624474 4122 R 226688688 256
1 43 0.382625737 4122 R 226688688 256
1 45 0.382627138 4122 RS 226688688 256
1 46 0.382629732 4122 RS 226688688 256
1 47 0.382771201 4122 RS 226688688 256
8 95 0.406995445 4114 R 90330672 256
8 96 0.406996307 4114 R 90330672 256
8 98 0.406997381 4114 RS 90330672 256
8 99 0.406999091 4114 RS 90330672 256
27 61 0.407063257 4115 R 480116136 256
27 62 0.407064522 4115 R 480116136 256
27 64 0.407065854 4115 RS 480116136 256
27 65 0.407068284 4115 RS 480116136 256
8 100 0.407137796 4114 RS 90330672 256
27 66 0.407178229 4115 RS 480116136 256
13 65 0.407576853 4123 R 858652080 256
13 66 0.407578237 4123 R 858652080 256
13 68 0.407579539 4123 RS 858652080 256
13 69 0.407581997 4123 RS 858652080 256
5 83 0.407588393 4121 R 734657968 256
5 84 0.407589262 4121 R 734657968 256
5 86 0.407590267 4121 RS 734657968 256
5 87 0.407592051 4121 RS 734657968 256
10 66 0.407602901 4116 R 4062640 256
10 67 0.407603845 4116 R 4062640 256
2 122 0.407604078 4109 R 617479600 256
2 123 0.407604914 4109 R 617479600 256
10 69 0.407605158 4116 RS 4062640 256
2 125 0.407605824 4109 RS 617479600 256
10 70 0.407607351 4116 RS 4062640 256
2 126 0.407607623 4109 RS 617479600 256
9 89 0.407608284 4113 R 74838760 256
9 90 0.407609411 4113 R 74838760 256
7 76 0.407610660 4120 R 788921776 256
9 92 0.407611326 4113 RS 74838760 256
7 77 0.407611513 4120 R 788921776 256
7 79 0.407613124 4120 RS 788921776 256
9 93 0.407613575 4113 RS 74838760 256
7 80 0.407615355 4120 RS 788921776 256
13 70 0.407732642 4123 RS 858652080 256
5 88 0.407791636 4121 RS 734657968 256
10 71 0.407850166 4116 RS 4062640 256
2 127 0.407892672 4109 RS 617479600 256
9 94 0.407936029 4113 RS 74838760 256
7 81 0.407949718 0 RS 788921776 256
8 101 0.409222677 4114 R 512884144 256
8 102 0.409223497 4114 R 512884144 256
8 104 0.409224260 4114 RS 512884144 256
8 105 0.409225841 4114 RS 512884144 256
8 106 0.409341007 4114 RS 512884144 256
0 257 0.410056396 4112 R 469106096 256
0 258 0.410057332 4112 R 469106096 256
0 260 0.410058335 4112 RS 469106096 256
0 261 0.410060159 4112 RS 469106096 256
0 262 0.410170067 4112 RS 469106096 256
6 77 0.410191078 4118 R 690093488 256
6 78 0.410192049 4118 R 690093488 256
6 80 0.410193807 4118 RS 690093488 256
6 81 0.410195834 4118 RS 690093488 256
12 95 0.410213755 4117 R 355859888 256
12 96 0.410214689 4117 R 355859888 256
12 98 0.410216164 4117 RS 355859888 256
12 99 0.410218068 4117 RS 355859888 256
2 128 0.410242587 4109 R 527578592 256
2 129 0.410243446 4109 R 527578592 256
2 131 0.410244374 4109 RS 527578592 256
2 132 0.410245949 4109 RS 527578592 256
4 89 0.410246879 4110 R 450363192 200
4 90 0.410247781 4110 R 450363192 200
4 91 0.410249717 4110 R 450494912 56
4 92 0.410249999 4110 R 450494912 56
10 72 0.410250099 4116 R 16383408 256
4 94 0.410250917 4110 RS 450363192 200
10 73 0.410250970 4116 R 16383408 256
4 95 0.410251014 4110 RS 450494912 56
10 75 0.410251879 4116 RS 16383408 256
4 96 0.410252572 4110 RS 450363192 200
11 102 0.410253250 4111 R 407043760 256
4 97 0.410253666 4110 RS 450494912 56
10 76 0.410253758 4116 RS 16383408 256
11 103 0.410254181 4111 R 407043760 256
11 105 0.410255225 4111 RS 407043760 256
11 106 0.410257083 4111 RS 407043760 256
6 82 0.410320025 4118 RS 690093488 256
5 89 0.410352585 4121 R 942206544 256
5 90 0.410353452 4121 R 942206544 256
5 92 0.410354368 4121 RS 942206544 256
5 93 0.410356110 4121 RS 942206544 256
12 100 0.410413248 4117 RS 355859888 256
4 98 0.410449920 4110 RS 450363192 200
2 133 0.410508376 4109 RS 527578592 256
10 77 0.410509451 4116 RS 16383408 256
4 99 0.410585584 4110 RS 450494912 56
5 94 0.410625495 4121 RS 942206544 256
11 107 0.410653118 4111 RS 407043760 256
15 49 0.411016565 4119 R 765853104 256
15 50 0.411017998 4119 R 765853104 256
15 52 0.411019895 4119 RS 765853104 256
15 53 0.411022660 4119 RS 765853104 256
13 71 0.411089323 4123 R 787873200 256
13 72 0.411090673 4123 R 787873200 256
13 74 0.411091939 4123 RS 787873200 256
13 75 0.411094404 4123 RS 787873200 256
15 54 0.411176998 4119 RS 765853104 256
13 76 0.411243617 4123 RS 787873200 256
8 107 0.411410100 4114 R 100249192 256
8 108 0.411410930 4114 R 100249192 256
8 110 0.411411740 4114 RS 100249192 256
8 111 0.411413277 4114 RS 100249192 256
5 95 0.411449738 4121 R 822279848 256
5 96 0.411450521 4121 R 822279848 256
5 98 0.411451410 4121 RS 822279848 256
5 99 0.411452996 4121 RS 822279848 256
8 112 0.411577038 4114 RS 100249192 256
5 100 0.411610533 4121 RS 822279848 256
3 94 0.412283690 4124 R 467355920 256
3 95 0.412284807 4124 R 467355920 256
3 97 0.412285991 4124 RS 467355920 256
3 98 0.412287858 4124 RS 467355920 256
6 83 0.412399517 4118 R 39976368 256
6 84 0.412400369 4118 R 39976368 256
6 86 0.412401349 4118 RS 39976368 256
6 87 0.412402971 4118 RS 39976368 256
3 99 0.412441530 4124 RS 467355920 256
6 88 0.412510152 4118 RS 39976368 256
3 100 0.412604421 4124 R 590872408 168
3 101 0.412605045 4124 R 590872408 168
3 102 0.412607249 4124 R 591004096 88
3 103 0.412607532 4124 R 591004096 88
3 105 0.412608371 4124 RS 590872408 168
3 106 0.412608461 4124 RS 591004096 88
3 107 0.412609808 4124 RS 590872408 168
3 108 0.412610583 4124 RS 591004096 88
7 82 0.412685869 4120 R 743692584 256
7 83 0.412686761 4120 R 743692584 256
7 85 0.412687747 4120 RS 743692584 256
7 86 0.412689426 4120 RS 743692584 256
2 134 0.412699328 4109 R 625147568 256
2 135 0.412700130 4109 R 625147568 256
2 137 0.412701003 4109 RS 625147568 256
2 138 0.412702695 4109 RS 625147568 256
3 109 0.412805792 4124 RS 590872408 168
7 87 0.412832240 4120 RS 743692584 256
3 110 0.412852161 4124 RS 591004096 88
2 139 0.412913033 4109 RS 625147568 256
5 101 0.414170453 4121 R 55705008 256
5 102 0.414171322 4121 R 55705008 256
5 104 0.414172177 4121 RS 55705008 256
5 105 0.414173706 4121 RS 55705008 256
5 106 0.414325549 4121 RS 55705008 256
1 48 0.414364840 4122 R 883425120 160
1 49 0.414366075 4122 R 883425120 160
1 50 0.414371299 4122 R 883570176 96
1 51 0.414371825 4122 R 883570176 96
1 53 0.414373158 4122 RS 883425120 160
1 54 0.414373288 4122 RS 883570176 96
1 55 0.414375461 4122 RS 883425120 160
1 56 0.414377020 4122 RS 883570176 96
0 263 0.414459044 4112 R 316014000 256
0 264 0.414459922 4112 R 316014000 256
0 266 0.414460768 4112 RS 316014000 256
0 267 0.414462488 4112 RS 316014000 256
13 77 0.414487385 4123 R 93782560 256
13 78 0.414488695 4123 R 93782560 256
13 80 0.414489918 4123 RS 93782560 256
13 81 0.414492376 4123 RS 93782560 256
1 57 0.414508639 4122 RS 883425120 160
1 58 0.414521274 4122 RS 883570176 96
0 268 0.414585277 4112 RS 316014000 256
10 78 0.414617838 4116 R 856608456 256
10 79 0.414618716 4116 R 856608456 256
10 81 0.414619617 4116 RS 856608456 256
10 82 0.414621473 4116 RS 856608456 256
13 82 0.414631217 4123 RS 93782560 256
10 83 0.414771246 4116 RS 856608456 256
3 111 0.414815847 4124 R 980454576 256
3 112 0.414816655 4124 R 980454576 256
3 114 0.414817463 4124 RS 980454576 256
3 115 0.414819376 4124 RS 980454576 256
12 101 0.414905316 4117 R 672529840 256
12 102 0.414906216 4117 R 672529840 256
12 104 0.414907217 4117 RS 672529840 256
12 105 0.414908991 4117 RS 672529840 256
3 116 0.414925950 4124 RS 980454576 256
12 106 0.415017108 4117 RS 672529840 256
4 100 0.415052944 4110 R 669121968 256
4 101 0.415053844 4110 R 669121968 256
4 103 0.415054918 4110 RS 669121968 256
4 104 0.415056696 4110 RS 669121968 256
2 140 0.415065870 4109 R 641334704 256
2 141 0.415066701 4109 R 641334704 256
2 143 0.415067540 4109 RS 641334704 256
2 144 0.415069314 4109 RS 641334704 256
4 105 0.415190155 4110 RS 669121968 256
2 145 0.415222923 4109 RS 641334704 256
3 117 0.415435949 4124 R 684818880 256
3 118 0.415436773 4124 R 684818880 256
3 120 0.415437491 4124 RS 684818880 256
3 121 0.415439079 4124 RS 684818880 256
3 122 0.415557207 4124 RS 684818880 256
5 107 0.416407221 4121 R 106324240 256
5 108 0.416408015 4121 R 106324240 256
5 110 0.416408801 4121 RS 106324240 256
5 111 0.416410346 4121 RS 106324240 256
5 112 0.416513961 4121 RS 106324240 256
0 269 0.416695199 4112 R 788725424 256
0 270 0.416696011 4112 R 788725424 256
0 272 0.416696861 4112 RS 788725424 256
0 273 0.416698509 4112 RS 788725424 256
6 89 0.416757452 4118 R 232652208 256
6 90 0.416758310 4118 R 232652208 256
6 92 0.416759305 4118 RS 232652208 256
6 93 0.416760999 4118 RS 232652208 256
0 274 0.416806617 4112 RS 788725424 256
6 94 0.416920015 4118 RS 232652208 256
9 95 0.416989684 4113 R 517092568 256
9 96 0.416990579 4113 R 517092568 256
9 98 0.416991849 4113 RS 517092568 256
9 99 0.416993792 4113 RS 517092568 256
27 67 0.417066222 4115 R 41811376 256
27 68 0.417067620 4115 R 41811376 256
27 70 0.417069239 4115 RS 41811376 256
27 71 0.417072035 4115 RS 41811376 256
9 100 0.417108590 4113 RS 517092568 256
12 107 0.417133353 4117 R 475659696 256
12 108 0.417134212 4117 R 475659696 256
12 110 0.417135190 4117 RS 475659696 256
12 111 0.417136877 4117 RS 475659696 256
3 123 0.417168689 4124 R 896662960 256
3 124 0.417169520 4124 R 896662960 256
3 126 0.417170348 4124 RS 896662960 256
3 127 0.417171908 4124 RS 896662960 256
11 108 0.417191818 4111 R 249560728 256
11 109 0.417192719 4111 R 249560728 256
11 111 0.417193847 4111 RS 249560728 256
11 112 0.417195755 4111 RS 249560728 256
27 72 0.417216854 4115 RS 41811376 256
12 112 0.417252311 4117 RS 475659696 256
7 88 0.417285781 4120 R 435945216 256
7 89 0.417286607 4120 R 435945216 256
7 91 0.417287607 4120 RS 435945216 256
7 92 0.417289392 4120 RS 435945216 256
3 128 0.417339704 4124 RS 896662960 256
11 113 0.417366786 4111 RS 249560728 256
7 93 0.417431236 4120 RS 435945216 256
15 55 0.417753768 4119 R 519306808 256
15 56 0.417754940 4119 R 519306808 256
15 58 0.417756385 4119 RS 519306808 256
15 59 0.417759001 4119 RS 519306808 256
15 60 0.417896032 4119 RS 519306808 256
0 275 0.418904659 4112 R 924159000 256
0 276 0.418905502 4112 R 924159000 256
0 278 0.418906403 4112 RS 924159000 256
0 279 0.418907938 4112 RS 924159000 256
0 280 0.419007110 4112 RS 924159000 256
8 113 0.419025649 4114 R 840555984 256
8 114 0.419026515 4114 R 840555984 256
8 116 0.419027483 4114 RS 840555984 256
8 117 0.419029469 4114 RS 840555984 256
8 118 0.419140895 4114 RS 840555984 256
8 119 0.419266966 4114 R 832175232 256
8 120 0.419267715 4114 R 832175232 256
8 122 0.419268390 4114 RS 832175232 256
8 123 0.419269785 4114 RS 832175232 256
12 113 0.419338716 4117 R 490929840 256
12 114 0.419339851 4117 R 490929840 256
12 116 0.419340700 4117 RS 490929840 256
12 117 0.419342304 4117 RS 490929840 256
8 124 0.419376597 4114 RS 832175232 256
11 114 0.419398220 4111 R 206550888 256
11 115 0.419399066 4111 R 206550888 256
11 117 0.419399981 4111 RS 206550888 256
11 118 0.419401661 4111 RS 206550888 256
12 118 0.419450363 4117 RS 490929840 256
7 94 0.419490954 4120 R 37617072 256
7 95 0.419491793 4120 R 37617072 256
7 97 0.419492600 4120 RS 37617072 256
7 98 0.419494267 4120 RS 37617072 256
11 119 0.419539030 4111 RS 206550888 256
10 84 0.419539224 4116 R 12212736 256
10 85 0.419540115 4116 R 12212736 256
10 87 0.419541193 4116 RS 12212736 256
10 88 0.419542979 4116 RS 12212736 256
7 99 0.419605361 4120 RS 37617072 256
10 89 0.419706741 4116 RS 12212736 256
0 281 0.420636245 4112 R 953810344 256
0 282 0.420637064 4112 R 953810344 256
0 284 0.420637890 4112 RS 953810344 256
0 285 0.420639507 4112 RS 953810344 256
0 286 0.420788706 4112 RS 953810344 256
4 106 0.442244260 4110 R 695926448 256
4 107 0.442246476 4110 R 695926448 256
4 109 0.442249686 4110 RS 695926448 256
4 110 0.442253837 4110 RS 695926448 256
4 111 0.442365270 4110 RS 695926448 256
5 113 0.443146487 4121 R 260439480 256
5 114 0.443147635 4121 R 260439480 256
5 116 0.443149158 4121 RS 260439480 256
5 117 0.443151307 4121 RS 260439480 256
5 118 0.443254067 4121 RS 260439480 256
4 112 0.446698516 4110 R 217447856 256
4 113 0.446699395 4110 R 217447856 256
4 115 0.446700483 4110 RS 217447856 256
4 116 0.446702207 4110 RS 217447856 256
4 117 0.446809855 4110 RS 217447856 256
11 120 0.448539589 4111 R 713227960 256
11 121 0.448540948 4111 R 713227960 256
11 123 0.448542714 4111 RS 713227960 256
11 124 0.448544811 4111 RS 713227960 256
11 125 0.448699028 4111 RS 713227960 256
4 118 0.449040940 4110 R 454819680 160
4 119 0.449041683 4110 R 454819680 160
4 120 0.449043841 4110 R 454951360 96
4 121 0.449044168 4110 R 454951360 96
4 123 0.449045016 4110 RS 454819680 160
4 124 0.449045111 4110 RS 454951360 96
4 125 0.449046490 4110 RS 454819680 160
4 126 0.449047453 4110 RS 454951360 96
4 127 0.449151908 4110 RS 454819680 160
4 128 0.449191426 4110 RS 454951360 96
0 287 0.449645567 4112 R 129995480 256
0 288 0.449646819 4112 R 129995480 256
0 290 0.449648205 4112 RS 129995480 256
0 291 0.449650254 4112 RS 129995480 256
5 119 0.449771426 4121 R 141019664 256
5 120 0.449772295 4121 R 141019664 256
5 122 0.449773343 4121 RS 141019664 256
5 123 0.449774955 4121 RS 141019664 256
0 292 0.449803720 4112 RS 129995480 256
5 124 0.449882207 4121 RS 141019664 256
9 101 0.450358883 4113 R 792067504 256
9 102 0.450359848 4113 R 792067504 256
9 104 0.450361181 4113 RS 792067504 256
9 105 0.450363222 4113 RS 792067504 256
9 106 0.450515196 4113 RS 792067504 256
8 125 0.450735677 4114 R 448134584 256
8 126 0.450736579 4114 R 448134584 256
8 128 0.450737974 4114 RS 448134584 256
8 129 0.450740010 4114 RS 448134584 256
11 126 0.450791741 4111 R 859438520 256
11 127 0.450792652 4111 R 859438520 256
11 129 0.450793493 4111 RS 859438520 256
11 130 0.450795050 4111 RS 859438520 256
10 90 0.450854756 4116 R 952329072 256
8 130 0.450855679 4114 RS 448134584 256
10 91 0.450855758 4116 R 952329072 256
10 93 0.450857124 4116 RS 952329072 256
10 94 0.450859193 4116 RS 952329072 256
11 131 0.450936159 4111 RS 859438520 256
10 95 0.451009967 4116 RS 952329072 256
27 73 0.451203760 4115 R 438828912 144
27 74 0.451205504 4115 R 438828912 144
27 75 0.451211453 4115 R 434297608 112
27 76 0.451211980 4115 R 434297608 112
27 78 0.451213230 4115 RS 434297608 112
27 79 0.451213353 4115 RS 438828912 144
27 80 0.451215491 4115 RS 434297608 112
27 81 0.451217115 4115 RS 438828912 144
2 146 0.451292990 4109 R 150601144 256
2 147 0.451293904 4109 R 150601144 256
2 149 0.451295347 4109 RS 150601144 256
2 150 0.451298062 4109 RS 150601144 256
3 129 0.451311110 4124 R 432930224 256
3 130 0.451312099 4124 R 432930224 256
3 132 0.451313613 4124 RS 432930224 256
4 129 0.451315226 4110 R 884604344 256
3 133 0.451315596 4124 RS 432930224 256
4 130 0.451316092 4110 R 884604344 256
4 132 0.451317016 4110 RS 884604344 256
4 133 0.451318969 4110 RS 884604344 256
27 82 0.451333106 4115 RS 434297608 112
2 151 0.451424273 4109 RS 150601144 256
27 83 0.451425446 4115 RS 438828912 144
3 134 0.451482759 4124 RS 432930224 256
4 134 0.451504929 4110 RS 884604344 256
0 293 0.451895154 4112 R 29716720 256
0 294 0.451896065 4112 R 29716720 256
0 296 0.451897055 4112 RS 29716720 256
0 297 0.451898716 4112 RS 29716720 256
0 298 0.452000017 4112 RS 29716720 256
5 125 0.452032424 4121 R 867564984 256
5 126 0.452033212 4121 R 867564984 256
5 128 0.452034033 4121 RS 867564984 256
5 129 0.452035755 4121 RS 867564984 256
5 130 0.452150365 4121 RS 867564984 256
13 83 0.452410772 4123 R 482294760 256
13 84 0.452412075 4123 R 482294760 256
13 86 0.452413712 4123 RS 482294760 256
13 87 0.452416456 4123 RS 482294760 256
15 61 0.452452780 4119 R 582876440 256
15 62 0.452454200 4119 R 582876440 256
6 95 0.452454336 4118 R 567279472 144
6 96 0.452455152 4118 R 567279472 144
15 64 0.452455864 4119 RS 582876440 256
15 65 0.452458786 4119 RS 582876440 256
6 97 0.452459210 4118 R 566736120 112
6 98 0.452459553 4118 R 566736120 112
6 100 0.452460586 4118 RS 566736120 112
6 101 0.452460685 4118 RS 567279472 144
6 102 0.452462388 4118 RS 566736120 112
6 103 0.452463563 4118 RS 567279472 144
1 59 0.452479700 4122 R 939916424 256
1 60 0.452480757 4122 R 939916424 256
1 62 0.452482116 4122 RS 939916424 256
1 63 0.452484643 4122 RS 939916424 256
13 88 0.452535446 4123 RS 482294760 256
9 107 0.452612451 4113 R 898891616 160
9 108 0.452613228 4113 R 898891616 160
6 104 0.452614187 4118 RS 566736120 112
9 109 0.452616213 4113 R 886159536 96
9 110 0.452616518 4113 R 886159536 96
9 112 0.452617461 4113 RS 886159536 96
9 113 0.452617550 4113 RS 898891616 160
9 114 0.452618975 4113 RS 886159536 96
15 66 0.452619460 4119 RS 582876440 256
9 115 0.452620101 4113 RS 898891616 160
6 105 0.452642300 4118 RS 567279472 144
12 119 0.452644023 4117 R 104201296 256
12 120 0.452644928 4117 R 104201296 256
12 122 0.452646294 4117 RS 104201296 256
12 123 0.452648447 4117 RS 104201296 256
1 64 0.452702940 4122 RS 939916424 256
9 116 0.452710927 4113 RS 886159536 96
9 117 0.452768863 4113 RS 898891616 160
12 124 0.452820310 4117 RS 104201296 256
8 131 0.452999801 4114 R 954072392 256
8 132 0.453000647 4114 R 954072392 256
8 134 0.453001475 4114 RS 954072392 256
8 135 0.453003177 4114 RS 954072392 256
11 132 0.453050214 4111 R 905300840 256
11 133 0.453051051 4111 R 905300840 256
11 135 0.453051916 4111 RS 905300840 256
11 136 0.453053650 4111 RS 905300840 256
10 96 0.453107119 4116 R 606600800 256
10 97 0.453107947 4116 R 606600800 256
10 99 0.453108844 4116 RS 606600800 256
10 100 0.453110538 4116 RS 606600800 256
8 136 0.453112240 4114 RS 954072392 256
11 137 0.453249865 4111 RS 905300840 256
10 101 0.453281709 4116 RS 606600800 256
2 152 0.453572469 4109 R 191757752 256
2 153 0.453573321 4109 R 191757752 256
2 155 0.453574252 4109 RS 191757752 256
2 156 0.453575983 4109 RS 191757752 256
0 299 0.453622120 4112 R 24511384 256
0 300 0.453622992 4112 R 24511384 256
0 302 0.453623900 4112 RS 24511384 256
0 303 0.453625581 4112 RS 24511384 256
4 135 0.453641565 4110 R 344719024 256
4 136 0.453642390 4110 R 344719024 256
4 138 0.453643294 4110 RS 344719024 256
3 135 0.453644282 4124 R 186292168 256
4 139 0.453645048 4110 RS 344719024 256
3 136 0.453645183 4124 R 186292168 256
3 138 0.453646125 4124 RS 186292168 256
3 139 0.453647944 4124 RS 186292168 256
2 157 0.453685223 4109 RS 191757752 256
0 304 0.453747738 4112 RS 24511384 256
4 140 0.453806137 4110 RS 344719024 256
3 140 0.453836688 4124 RS 186292168 256
5 131 0.454242580 4121 R 14286264 256
5 132 0.454243438 4121 R 14286264 256
5 134 0.454244199 4121 RS 14286264 256
5 135 0.454245735 4121 RS 14286264 256
7 100 0.454272338 4120 R 786272 160
7 101 0.454273116 4120 R 786272 160
7 102 0.454276491 4120 R 926144 96
7 103 0.454276797 4120 R 926144 96
7 105 0.454277673 4120 RS 786272 160
7 106 0.454277761 4120 RS 926144 96
7 107 0.454279533 4120 RS 786272 160
7 108 0.454280717 4120 RS 926144 96
5 136 0.454384961 4121 RS 14286264 256
7 109 0.454449006 4120 RS 786272 160
7 110 0.454496038 4120 RS 926144 96
27 84 0.454622879 4115 R 620362992 256
27 85 0.454624189 4115 R 620362992 256
27 87 0.454625470 4115 RS 620362992 256
27 88 0.454628174 4115 RS 620362992 256
6 106 0.454675328 4118 R 129891768 256
6 107 0.454676144 4118 R 129891768 256
6 109 0.454677031 4118 RS 129891768 256
6 110 0.454678682 4118 RS 129891768 256
27 89 0.454727278 4115 RS 620362992 256
6 111 0.454791715 4118 RS 129891768 256
9 118 0.454825714 4113 R 898497976 256
9 119 0.454826628 4113 R 898497976 256
9 121 0.454827486 4113 RS 898497976 256
9 122 0.454829235 4113 RS 898497976 256
12 125 0.454860169 4117 R 555089256 256
12 126 0.454861026 4117 R 555089256 256
12 128 0.454861873 4117 RS 555089256 256
12 129 0.454863593 4117 RS 555089256 256
9 123 0.454946913 4113 RS 898497976 256
12 130 0.455008021 4117 RS 555089256 256
8 137 0.455226073 4114 R 122667312 256
8 138 0.455226882 4114 R 122667312 256
8 140 0.455227683 4114 RS 122667312 256
8 141 0.455229419 4114 RS 122667312 256
11 138 0.455271572 4111 R 165805240 256
11 139 0.455272433 4111 R 165805240 256
11 141 0.455273288 4111 RS 165805240 256
11 142 0.455274872 4111 RS 165805240 256
10 102 0.455340946 4116 R 852098488 256
10 103 0.455341844 4116 R 852098488 256
10 105 0.455342696 4116 RS 852098488 256
10 106 0.455344290 4116 RS 852098488 256
8 142 0.455345955 4114 RS 122667312 256
11 143 0.455390460 4111 RS 165805240 256
10 107 0.455469298 4116 RS 852098488 256
2 158 0.455809137 4109 R 346781104 256
2 159 0.455809973 4109 R 346781104 256
2 161 0.455810889 4109 RS 346781104 256
2 162 0.455812648 4109 RS 346781104 256
2 163 0.455919846 4109 RS 346781104 256
4 141 0.455951147 4110 R 962723256 256
4 142 0.455951982 4110 R 962723256 256
4 144 0.455952981 4110 RS 962723256 256
4 145 0.455954681 4110 RS 962723256 256
13 89 0.455963270 4123 R 994442680 256
13 90 0.455964542 4123 R 994442680 256
13 92 0.455965841 4123 RS 994442680 256
13 93 0.455968347 4123 RS 994442680 256
15 67 0.456045528 4119 R 139853080 256
15 68 0.456046629 4119 R 139853080 256
15 70 0.456047964 4119 RS 139853080 256
15 71 0.456050522 4119 RS 139853080 256
0 305 0.456064708 4112 R 559807760 256
4 146 0.456065225 4110 RS 962723256 256
0 306 0.456065770 4112 R 559807760 256
0 308 0.456066773 4112 RS 559807760 256
3 141 0.456066924 4124 R 521534896 256
3 142 0.456067888 4124 R 521534896 256
0 309 0.456068605 4112 RS 559807760 256
3 144 0.456068881 4124 RS 521534896 256
3 145 0.456070634 4124 RS 521534896 256
1 65 0.456076561 4122 R 600702392 256
1 66 0.456077806 4122 R 600702392 256
1 68 0.456078878 4122 RS 600702392 256
1 69 0.456081314 4122 RS 600702392 256
13 94 0.456111422 4123 RS 994442680 256
15 72 0.456179739 4119 RS 139853080 256
0 310 0.456213480 4112 RS 559807760 256
3 146 0.456266456 4124 RS 521534896 256
1 70 0.456288599 4122 RS 600702392 256
5 137 0.456489770 4121 R 480446520 256
5 138 0.456490590 4121 R 480446520 256
5 140 0.456491409 4121 RS 480446520 256
5 141 0.456492911 4121 RS 480446520 256
7 111 0.456537102 4120 R 404225896 152
7 112 0.456537825 4120 R 404225896 152
7 113 0.456540652 4120 R 404620592 104
7 114 0.456540956 4120 R 404620592 104
7 116 0.456541734 4120 RS 404225896 152
7 117 0.456541815 4120 RS 404620592 104
7 118 0.456543228 4120 RS 404225896 152
7 119 0.456544135 4120 RS 404620592 104
5 142 0.456648389 4121 RS 480446520 256
7 120 0.456708731 4120 RS 404225896 152
7 121 0.456745506 4120 RS 404620592 104
6 112 0.456949573 4118 R 420478496 256
6 113 0.456950520 4118 R 420478496 256
6 115 0.456951411 4118 RS 420478496 256
6 116 0.456953109 4118 RS 420478496 256
6 117 0.457070033 4118 RS 420478496 256
9 124 0.457123245 4113 R 254671440 256
9 125 0.457124211 4113 R 254671440 256
9 127 0.457125069 4113 RS 254671440 256
9 128 0.457126735 4113 RS 254671440 256
12 131 0.457127789 4117 R 994704824 256
12 132 0.457128700 4117 R 994704824 256
12 134 0.457129527 4117 RS 994704824 256
12 135 0.457131175 4117 RS 994704824 256
9 129 0.457241904 4113 RS 254671440 256
12 136 0.457289476 4117 RS 994704824 256
8 143 0.457472462 4114 R 831913400 256
8 144 0.457473305 4114 R 831913400 256
8 146 0.457474117 4114 RS 831913400 256
8 147 0.457475689 4114 RS 831913400 256
11 144 0.457497193 4111 R 343801272 256
11 145 0.457498020 4111 R 343801272 256
11 147 0.457498912 4111 RS 343801272 256
11 148 0.457500583 4111 RS 343801272 256
10 108 0.457596203 4116 R 625605864 256
10 109 0.457597070 4116 R 625605864 256
10 111 0.457597891 4116 RS 625605864 256
10 112 0.457599516 4116 RS 625605864 256
8 148 0.457610021 4114 RS 831913400 256
11 149 0.457659448 4111 RS 343801272 256
10 113 0.457711757 4116 RS 625605864 256
27 90 0.458036994 4115 R 886354984 256
27 91 0.458038269 4115 R 886354984 256
27 93 0.458039569 4115 RS 886354984 256
2 164 0.458039996 4109 R 892468664 256
2 165 0.458040870 4109 R 892468664 256
2 167 0.458041852 4109 RS 892468664 256
27 94 0.458042235 4115 RS 886354984 256
2 168 0.458043564 4109 RS 892468664 256
4 147 0.458171743 4110 R 34078256 256
4 148 0.458172551 4110 R 34078256 256
4 150 0.458173399 4110 RS 34078256 256
4 151 0.458175033 4110 RS 34078256 256
27 95 0.458197252 4115 RS 886354984 256
2 169 0.458229919 4109 RS 892468664 256
4 152 0.458287818 4110 RS 34078256 256
0 311 0.458323354 4112 R 599115800 256
0 312 0.458324205 4112 R 599115800 256
0 314 0.458325003 4112 RS 599115800 256
0 315 0.458326872 4112 RS 599115800 256
3 147 0.458329046 4124 R 294256056 256
3 148 0.458329875 4124 R 294256056 256
3 150 0.458330725 4124 RS 294256056 256
3 151 0.458332528 4124 RS 294256056 256
0 316 0.458437895 4112 RS 599115800 256
3 152 0.458490365 4124 RS 294256056 256
5 143 0.458694325 4121 R 987378544 256
5 144 0.458695113 4121 R 987378544 256
5 146 0.458695969 4121 RS 987378544 256
5 147 0.458697552 4121 RS 987378544 256
7 122 0.458747183 4120 R 258603968 256
7 123 0.458748006 4120 R 258603968 256
7 125 0.458748837 4120 RS 258603968 256
7 126 0.458750519 4120 RS 258603968 256
5 148 0.458805952 4121 RS 987378544 256
7 127 0.458885461 4120 RS 258603968 256
6 118 0.459183224 4118 R 222690744 256
6 119 0.459184033 4118 R 222690744 256
6 121 0.459184976 4118 RS 222690744 256
6 122 0.459186708 4118 RS 222690744 256
6 123 0.459326870 4118 RS 222690744 256
9 130 0.459395496 4113 R 257932864 256
9 131 0.459396384 4113 R 257932864 256
9 133 0.459397264 4113 RS 257932864 256
9 134 0.459398905 4113 RS 257932864 256
12 137 0.459401845 4117 R 815136184 256
12 138 0.459402751 4117 R 815136184 256
12 140 0.459403598 4117 RS 815136184 256
12 141 0.459405246 4117 RS 815136184 256
13 95 0.459438557 4123 R 915537256 256
13 96 0.459439818 4123 R 915537256 256
13 98 0.459441032 4123 RS 915537256 256
13 99 0.459443494 4123 RS 915537256 256
15 73 0.459492648 4119 R 378928568 256
15 74 0.459493881 4119 R 378928568 256
15 76 0.459495125 4119 RS 378928568 256
15 77 0.459497514 4119 RS 378928568 256
9 135 0.459519206 4113 RS 257932864 256
1 71 0.459554317 4122 R 448658872 256
1 72 0.459555751 4122 R 448658872 256
1 74 0.459557145 4122 RS 448658872 256
1 75 0.459559749 4122 RS 448658872 256
12 142 0.459612203 4117 RS 815136184 256
13 100 0.459620400 4123 RS 915537256 256
15 78 0.459663944 4119 RS 378928568 256
1 76 0.459707092 4122 RS 448658872 256
8 149 0.459738109 4114 R 611450296 256
8 150 0.459738932 4114 R 611450296 256
8 152 0.459739850 4114 RS 611450296 256
8 153 0.459741606 4114 RS 611450296 256
11 150 0.459743402 4111 R 985267640 256
11 151 0.459744267 4111 R 985267640 256
11 153 0.459745258 4111 RS 985267640 256
11 154 0.459746917 4111 RS 985267640 256
10 114 0.459836277 4116 R 407240120 256
10 115 0.459837123 4116 R 407240120 256
10 117 0.459837972 4116 RS 407240120 256
10 118 0.459839578 4116 RS 407240120 256
8 154 0.459865194 4114 RS 611450296 256
11 155 0.459895515 4111 RS 985267640 256
10 119 0.459956523 4116 RS 407240120 256
2 170 0.460278147 4109 R 230030704 256
2 171 0.460278941 4109 R 230030704 256
2 173 0.460279834 4109 RS 230030704 256
2 174 0.460281565 4109 RS 230030704 256
2 175 0.460384997 4109 RS 230030704 256
4 153 0.460396370 4110 R 905051576 256
4 154 0.460397176 4110 R 905051576 256
4 156 0.460398073 4110 RS 905051576 256
4 157 0.460399847 4110 RS 905051576 256
4 158 0.460510515 4110 RS 905051576 256
3 153 0.460599183 4124 R 773455104 256
3 154 0.460600175 4124 R 773455104 256
3 156 0.460601063 4124 RS 773455104 256
3 157 0.460602854 4124 RS 773455104 256
0 317 0.460611554 4112 R 10091960 256
0 318 0.460612447 4112 R 10091960 256
0 320 0.460613343 4112 RS 10091960 256
0 321 0.460615040 4112 RS 10091960 256
3 158 0.460730692 4124 RS 773455104 256
0 322 0.460768120 4112 RS 10091960 256
5 149 0.460984739 4121 R 47578552 256
5 150 0.460985540 4121 R 47578552 256
5 152 0.460986381 4121 RS 47578552 256
5 153 0.460988005 4121 RS 47578552 256
7 128 0.460988350 4120 R 987889080 256
7 129 0.460989189 4120 R 987889080 256
7 131 0.460990009 4120 RS 987889080 256
7 132 0.460991651 4120 RS 987889080 256
5 154 0.461109327 4121 RS 47578552 256
7 133 0.461205591 4120 RS 987889080 256
6 124 0.461441566 4118 R 445251000 256
6 125 0.461442422 4118 R 445251000 256
6 127 0.461443247 4118 RS 445251000 256
6 128 0.461444866 4118 RS 445251000 256
27 96 0.461464150 4115 R 59374552 256
27 97 0.461465433 4115 R 59374552 256
27 99 0.461466693 4115 RS 59374552 256
27 100 0.461469211 4115 RS 59374552 256
6 129 0.461602746 4118 RS 445251000 256
9 136 0.461621061 4113 R 851639992 256
9 137 0.461621930 4113 R 851639992 256
9 139 0.461622771 4113 RS 851639992 256
9 140 0.461624443 4113 RS 851639992 256
12 143 0.461645366 4117 R 734920120 256
12 144 0.461646229 4117 R 734920120 256
12 146 0.461647023 4117 RS 734920120 256
12 147 0.461648655 4117 RS 734920120 256
27 101 0.461669947 4115 RS 59374552 256
9 141 0.461773615 4113 RS 851639992 256
12 148 0.461801482 4117 RS 734920120 256
8 155 0.461985113 4114 R 7077728 160
8 156 0.461985792 4114 R 7077728 160
8 157 0.461988028 4114 R 7086088 96
8 158 0.461988317 4114 R 7086088 96
8 160 0.461989022 4114 RS 7077728 160
8 161 0.461989111 4114 RS 7086088 96
8 162 0.461990551 4114 RS 7077728 160
8 163 0.461991500 4114 RS 7086088 96
10 120 0.462070491 4116 R 48988992 256
10 121 0.462071359 4116 R 48988992 256
10 123 0.462072176 4116 RS 48988992 256
10 124 0.462073845 4116 RS 48988992 256
11 156 0.462086106 4111 R 280362424 256
11 157 0.462086944 4111 R 280362424 256
11 159 0.462087897 4111 RS 280362424 256
11 160 0.462089550 4111 RS 280362424 256
8 164 0.462093922 4114 RS 7077728 160
8 165 0.462150459 4114 RS 7086088 96
10 125 0.462190429 4116 RS 48988992 256
11 161 0.462244212 4111 RS 280362424 256
2 176 0.462504538 4109 R 205388544 256
2 177 0.462505357 4109 R 205388544 256
2 179 0.462506220 4109 RS 205388544 256
2 180 0.462507839 4109 RS 205388544 256
2 181 0.462607325 4109 RS 205388544 256
4 159 0.462645786 4110 R 609877432 256
4 160 0.462646599 4110 R 609877432 256
4 162 0.462647394 4110 RS 609877432 256
4 163 0.462649077 4110 RS 609877432 256
4 164 0.462755648 4110 RS 609877432 256
13 101 0.462891330 4123 R 44170560 256
13 102 0.462892612 4123 R 44170560 256
13 104 0.462893801 4123 RS 44170560 256
13 105 0.462896273 4123 RS 44170560 256
3 159 0.462900005 4124 R 107085232 256
3 160 0.462900798 4124 R 107085232 256
3 162 0.462901658 4124 RS 107085232 256
3 163 0.462903383 4124 RS 107085232 256
0 323 0.462905317 4112 R 645151024 256
0 324 0.462906171 4112 R 645151024 256
0 326 0.462907024 4112 RS 645151024 256
0 327 0.462908742 4112 RS 645151024 256
15 79 0.462961558 4119 R 748551600 256
15 80 0.462962656 4119 R 748551600 256
15 82 0.462963929 4119 RS 748551600 256
15 83 0.462966309 4119 RS 748551600 256
1 77 0.463039477 4122 R 316794856 256
1 78 0.463040774 4122 R 316794856 256
1 80 0.463042161 4122 RS 316794856 256
1 81 0.463044933 4122 RS 316794856 256